/*--------------------------------*- C++ -*----------------------------------*\
| =========                 |                                                 |
| \\      /  F ield         | OpenFOAM: The Open Source CFD Toolbox           |
|  \\    /   O peration     | Version:  2512                                  |
|   \\  /    A nd           | Website:  www.openfoam.com                      |
|    \\/     M anipulation  |                                                 |
\*---------------------------------------------------------------------------*/
FoamFile
{
    version     2.0;
    format      ascii;
    arch        "LSB;label=32;scalar=64";
    note        "nPoints:7442  nCells:3600  nFaces:14520  nInternalFaces:7080";
    class       labelList;
    location    "constant/polyMesh";
    object      neighbour;
}
// * * * * * * * * * * * * * * * * * * * * * * * * * * * * * * * * * * * * * //


7080
(
1
20
2
21
3
22
4
23
5
24
6
25
7
26
8
27
9
28
10
29
11
30
12
31
13
32
14
33
15
34
16
35
17
36
18
37
19
38
39
1200
21
40
22
41
23
42
24
43
25
44
26
45
27
46
28
47
29
48
30
49
31
50
32
51
33
52
34
53
35
54
36
55
37
56
38
57
39
58
59
1210
41
60
42
61
43
62
44
63
45
64
46
65
47
66
48
67
49
68
50
69
51
70
52
71
53
72
54
73
55
74
56
75
57
76
58
77
59
78
79
1220
61
80
62
81
63
82
64
83
65
84
66
85
67
86
68
87
69
88
70
89
71
90
72
91
73
92
74
93
75
94
76
95
77
96
78
97
79
98
99
1230
81
100
82
101
83
102
84
103
85
104
86
105
87
106
88
107
89
108
90
109
91
110
92
111
93
112
94
113
95
114
96
115
97
116
98
117
99
118
119
1240
101
120
102
121
103
122
104
123
105
124
106
125
107
126
108
127
109
128
110
129
111
130
112
131
113
132
114
133
115
134
116
135
117
136
118
137
119
138
139
1250
121
140
122
141
123
142
124
143
125
144
126
145
127
146
128
147
129
148
130
149
131
150
132
151
133
152
134
153
135
154
136
155
137
156
138
157
139
158
159
1260
141
160
142
161
143
162
144
163
145
164
146
165
147
166
148
167
149
168
150
169
151
170
152
171
153
172
154
173
155
174
156
175
157
176
158
177
159
178
179
1270
161
180
162
181
163
182
164
183
165
184
166
185
167
186
168
187
169
188
170
189
171
190
172
191
173
192
174
193
175
194
176
195
177
196
178
197
179
198
199
1280
181
200
182
201
183
202
184
203
185
204
186
205
187
206
188
207
189
208
190
209
191
210
192
211
193
212
194
213
195
214
196
215
197
216
198
217
199
218
219
1290
201
220
202
221
203
222
204
223
205
224
206
225
207
226
208
227
209
228
210
229
211
230
212
231
213
232
214
233
215
234
216
235
217
236
218
237
219
238
239
1300
221
240
222
241
223
242
224
243
225
244
226
245
227
246
228
247
229
248
230
249
231
250
232
251
233
252
234
253
235
254
236
255
237
256
238
257
239
258
259
1310
241
260
242
261
243
262
244
263
245
264
246
265
247
266
248
267
249
268
250
269
251
270
252
271
253
272
254
273
255
274
256
275
257
276
258
277
259
278
279
1320
261
280
262
281
263
282
264
283
265
284
266
285
267
286
268
287
269
288
270
289
271
290
272
291
273
292
274
293
275
294
276
295
277
296
278
297
279
298
299
1330
281
300
282
301
283
302
284
303
285
304
286
305
287
306
288
307
289
308
290
309
291
310
292
311
293
312
294
313
295
314
296
315
297
316
298
317
299
318
319
1340
301
320
302
321
303
322
304
323
305
324
306
325
307
326
308
327
309
328
310
329
311
330
312
331
313
332
314
333
315
334
316
335
317
336
318
337
319
338
339
1350
321
340
322
341
323
342
324
343
325
344
326
345
327
346
328
347
329
348
330
349
331
350
332
351
333
352
334
353
335
354
336
355
337
356
338
357
339
358
359
1360
341
360
342
361
343
362
344
363
345
364
346
365
347
366
348
367
349
368
350
369
351
370
352
371
353
372
354
373
355
374
356
375
357
376
358
377
359
378
379
1370
361
380
362
381
363
382
364
383
365
384
366
385
367
386
368
387
369
388
370
389
371
390
372
391
373
392
374
393
375
394
376
395
377
396
378
397
379
398
399
1380
381
400
382
401
383
402
384
403
385
404
386
405
387
406
388
407
389
408
390
409
391
410
392
411
393
412
394
413
395
414
396
415
397
416
398
417
399
418
419
1390
401
420
402
421
403
422
404
423
405
424
406
425
407
426
408
427
409
428
410
429
411
430
412
431
413
432
414
433
415
434
416
435
417
436
418
437
419
438
439
1400
421
440
422
441
423
442
424
443
425
444
426
445
427
446
428
447
429
448
430
449
431
450
432
451
433
452
434
453
435
454
436
455
437
456
438
457
439
458
459
1410
441
460
442
461
443
462
444
463
445
464
446
465
447
466
448
467
449
468
450
469
451
470
452
471
453
472
454
473
455
474
456
475
457
476
458
477
459
478
479
1420
461
480
462
481
463
482
464
483
465
484
466
485
467
486
468
487
469
488
470
489
471
490
472
491
473
492
474
493
475
494
476
495
477
496
478
497
479
498
499
1430
481
500
482
501
483
502
484
503
485
504
486
505
487
506
488
507
489
508
490
509
491
510
492
511
493
512
494
513
495
514
496
515
497
516
498
517
499
518
519
1440
501
520
502
521
503
522
504
523
505
524
506
525
507
526
508
527
509
528
510
529
511
530
512
531
513
532
514
533
515
534
516
535
517
536
518
537
519
538
539
1450
521
540
522
541
523
542
524
543
525
544
526
545
527
546
528
547
529
548
530
549
531
550
532
551
533
552
534
553
535
554
536
555
537
556
538
557
539
558
559
1460
541
560
542
561
543
562
544
563
545
564
546
565
547
566
548
567
549
568
550
569
551
570
552
571
553
572
554
573
555
574
556
575
557
576
558
577
559
578
579
1470
561
580
562
581
563
582
564
583
565
584
566
585
567
586
568
587
569
588
570
589
571
590
572
591
573
592
574
593
575
594
576
595
577
596
578
597
579
598
599
1480
581
600
582
601
583
602
584
603
585
604
586
605
587
606
588
607
589
608
590
609
591
610
592
611
593
612
594
613
595
614
596
615
597
616
598
617
599
618
619
1490
601
620
602
621
603
622
604
623
605
624
606
625
607
626
608
627
609
628
610
629
611
630
612
631
613
632
614
633
615
634
616
635
617
636
618
637
619
638
639
1500
621
640
622
641
623
642
624
643
625
644
626
645
627
646
628
647
629
648
630
649
631
650
632
651
633
652
634
653
635
654
636
655
637
656
638
657
639
658
659
1510
641
660
642
661
643
662
644
663
645
664
646
665
647
666
648
667
649
668
650
669
651
670
652
671
653
672
654
673
655
674
656
675
657
676
658
677
659
678
679
1520
661
680
662
681
663
682
664
683
665
684
666
685
667
686
668
687
669
688
670
689
671
690
672
691
673
692
674
693
675
694
676
695
677
696
678
697
679
698
699
1530
681
700
682
701
683
702
684
703
685
704
686
705
687
706
688
707
689
708
690
709
691
710
692
711
693
712
694
713
695
714
696
715
697
716
698
717
699
718
719
1540
701
720
702
721
703
722
704
723
705
724
706
725
707
726
708
727
709
728
710
729
711
730
712
731
713
732
714
733
715
734
716
735
717
736
718
737
719
738
739
1550
721
740
722
741
723
742
724
743
725
744
726
745
727
746
728
747
729
748
730
749
731
750
732
751
733
752
734
753
735
754
736
755
737
756
738
757
739
758
759
1560
741
760
742
761
743
762
744
763
745
764
746
765
747
766
748
767
749
768
750
769
751
770
752
771
753
772
754
773
755
774
756
775
757
776
758
777
759
778
779
1570
761
780
762
781
763
782
764
783
765
784
766
785
767
786
768
787
769
788
770
789
771
790
772
791
773
792
774
793
775
794
776
795
777
796
778
797
779
798
799
1580
781
800
782
801
783
802
784
803
785
804
786
805
787
806
788
807
789
808
790
809
791
810
792
811
793
812
794
813
795
814
796
815
797
816
798
817
799
818
819
1590
801
820
802
821
803
822
804
823
805
824
806
825
807
826
808
827
809
828
810
829
811
830
812
831
813
832
814
833
815
834
816
835
817
836
818
837
819
838
839
1600
821
840
822
841
823
842
824
843
825
844
826
845
827
846
828
847
829
848
830
849
831
850
832
851
833
852
834
853
835
854
836
855
837
856
838
857
839
858
859
1610
841
860
842
861
843
862
844
863
845
864
846
865
847
866
848
867
849
868
850
869
851
870
852
871
853
872
854
873
855
874
856
875
857
876
858
877
859
878
879
1620
861
880
862
881
863
882
864
883
865
884
866
885
867
886
868
887
869
888
870
889
871
890
872
891
873
892
874
893
875
894
876
895
877
896
878
897
879
898
899
1630
881
900
882
901
883
902
884
903
885
904
886
905
887
906
888
907
889
908
890
909
891
910
892
911
893
912
894
913
895
914
896
915
897
916
898
917
899
918
919
1640
901
920
902
921
903
922
904
923
905
924
906
925
907
926
908
927
909
928
910
929
911
930
912
931
913
932
914
933
915
934
916
935
917
936
918
937
919
938
939
1650
921
940
922
941
923
942
924
943
925
944
926
945
927
946
928
947
929
948
930
949
931
950
932
951
933
952
934
953
935
954
936
955
937
956
938
957
939
958
959
1660
941
960
942
961
943
962
944
963
945
964
946
965
947
966
948
967
949
968
950
969
951
970
952
971
953
972
954
973
955
974
956
975
957
976
958
977
959
978
979
1670
961
980
962
981
963
982
964
983
965
984
966
985
967
986
968
987
969
988
970
989
971
990
972
991
973
992
974
993
975
994
976
995
977
996
978
997
979
998
999
1680
981
1000
982
1001
983
1002
984
1003
985
1004
986
1005
987
1006
988
1007
989
1008
990
1009
991
1010
992
1011
993
1012
994
1013
995
1014
996
1015
997
1016
998
1017
999
1018
1019
1690
1001
1020
1002
1021
1003
1022
1004
1023
1005
1024
1006
1025
1007
1026
1008
1027
1009
1028
1010
1029
1011
1030
1012
1031
1013
1032
1014
1033
1015
1034
1016
1035
1017
1036
1018
1037
1019
1038
1039
1700
1021
1040
1022
1041
1023
1042
1024
1043
1025
1044
1026
1045
1027
1046
1028
1047
1029
1048
1030
1049
1031
1050
1032
1051
1033
1052
1034
1053
1035
1054
1036
1055
1037
1056
1038
1057
1039
1058
1059
1710
1041
1060
1042
1061
1043
1062
1044
1063
1045
1064
1046
1065
1047
1066
1048
1067
1049
1068
1050
1069
1051
1070
1052
1071
1053
1072
1054
1073
1055
1074
1056
1075
1057
1076
1058
1077
1059
1078
1079
1720
1061
1080
1062
1081
1063
1082
1064
1083
1065
1084
1066
1085
1067
1086
1068
1087
1069
1088
1070
1089
1071
1090
1072
1091
1073
1092
1074
1093
1075
1094
1076
1095
1077
1096
1078
1097
1079
1098
1099
1730
1081
1100
1082
1101
1083
1102
1084
1103
1085
1104
1086
1105
1087
1106
1088
1107
1089
1108
1090
1109
1091
1110
1092
1111
1093
1112
1094
1113
1095
1114
1096
1115
1097
1116
1098
1117
1099
1118
1119
1740
1101
1120
1102
1121
1103
1122
1104
1123
1105
1124
1106
1125
1107
1126
1108
1127
1109
1128
1110
1129
1111
1130
1112
1131
1113
1132
1114
1133
1115
1134
1116
1135
1117
1136
1118
1137
1119
1138
1139
1750
1121
1140
1122
1141
1123
1142
1124
1143
1125
1144
1126
1145
1127
1146
1128
1147
1129
1148
1130
1149
1131
1150
1132
1151
1133
1152
1134
1153
1135
1154
1136
1155
1137
1156
1138
1157
1139
1158
1159
1760
1141
1160
1142
1161
1143
1162
1144
1163
1145
1164
1146
1165
1147
1166
1148
1167
1149
1168
1150
1169
1151
1170
1152
1171
1153
1172
1154
1173
1155
1174
1156
1175
1157
1176
1158
1177
1159
1178
1179
1770
1161
1180
1162
1181
1163
1182
1164
1183
1165
1184
1166
1185
1167
1186
1168
1187
1169
1188
1170
1189
1171
1190
1172
1191
1173
1192
1174
1193
1175
1194
1176
1195
1177
1196
1178
1197
1179
1198
1199
1780
1181
1182
1183
1184
1185
1186
1187
1188
1189
1190
1191
1192
1193
1194
1195
1196
1197
1198
1199
1790
1201
1210
1202
1211
1203
1212
1204
1213
1205
1214
1206
1215
1207
1216
1208
1217
1209
1218
1219
1800
1211
1220
1212
1221
1213
1222
1214
1223
1215
1224
1216
1225
1217
1226
1218
1227
1219
1228
1229
1820
1221
1230
1222
1231
1223
1232
1224
1233
1225
1234
1226
1235
1227
1236
1228
1237
1229
1238
1239
1840
1231
1240
1232
1241
1233
1242
1234
1243
1235
1244
1236
1245
1237
1246
1238
1247
1239
1248
1249
1860
1241
1250
1242
1251
1243
1252
1244
1253
1245
1254
1246
1255
1247
1256
1248
1257
1249
1258
1259
1880
1251
1260
1252
1261
1253
1262
1254
1263
1255
1264
1256
1265
1257
1266
1258
1267
1259
1268
1269
1900
1261
1270
1262
1271
1263
1272
1264
1273
1265
1274
1266
1275
1267
1276
1268
1277
1269
1278
1279
1920
1271
1280
1272
1281
1273
1282
1274
1283
1275
1284
1276
1285
1277
1286
1278
1287
1279
1288
1289
1940
1281
1290
1282
1291
1283
1292
1284
1293
1285
1294
1286
1295
1287
1296
1288
1297
1289
1298
1299
1960
1291
1300
1292
1301
1293
1302
1294
1303
1295
1304
1296
1305
1297
1306
1298
1307
1299
1308
1309
1980
1301
1310
1302
1311
1303
1312
1304
1313
1305
1314
1306
1315
1307
1316
1308
1317
1309
1318
1319
2000
1311
1320
1312
1321
1313
1322
1314
1323
1315
1324
1316
1325
1317
1326
1318
1327
1319
1328
1329
2020
1321
1330
1322
1331
1323
1332
1324
1333
1325
1334
1326
1335
1327
1336
1328
1337
1329
1338
1339
2040
1331
1340
1332
1341
1333
1342
1334
1343
1335
1344
1336
1345
1337
1346
1338
1347
1339
1348
1349
2060
1341
1350
1342
1351
1343
1352
1344
1353
1345
1354
1346
1355
1347
1356
1348
1357
1349
1358
1359
2080
1351
1360
1352
1361
1353
1362
1354
1363
1355
1364
1356
1365
1357
1366
1358
1367
1359
1368
1369
2100
1361
1370
1362
1371
1363
1372
1364
1373
1365
1374
1366
1375
1367
1376
1368
1377
1369
1378
1379
2120
1371
1380
1372
1381
1373
1382
1374
1383
1375
1384
1376
1385
1377
1386
1378
1387
1379
1388
1389
2140
1381
1390
1382
1391
1383
1392
1384
1393
1385
1394
1386
1395
1387
1396
1388
1397
1389
1398
1399
2160
1391
1400
1392
1401
1393
1402
1394
1403
1395
1404
1396
1405
1397
1406
1398
1407
1399
1408
1409
2180
1401
1410
1402
1411
1403
1412
1404
1413
1405
1414
1406
1415
1407
1416
1408
1417
1409
1418
1419
2200
1411
1420
1412
1421
1413
1422
1414
1423
1415
1424
1416
1425
1417
1426
1418
1427
1419
1428
1429
2220
1421
1430
1422
1431
1423
1432
1424
1433
1425
1434
1426
1435
1427
1436
1428
1437
1429
1438
1439
2240
1431
1440
1432
1441
1433
1442
1434
1443
1435
1444
1436
1445
1437
1446
1438
1447
1439
1448
1449
2260
1441
1450
1442
1451
1443
1452
1444
1453
1445
1454
1446
1455
1447
1456
1448
1457
1449
1458
1459
2280
1451
1460
1452
1461
1453
1462
1454
1463
1455
1464
1456
1465
1457
1466
1458
1467
1459
1468
1469
2300
1461
1470
1462
1471
1463
1472
1464
1473
1465
1474
1466
1475
1467
1476
1468
1477
1469
1478
1479
2320
1471
1480
1472
1481
1473
1482
1474
1483
1475
1484
1476
1485
1477
1486
1478
1487
1479
1488
1489
2340
1481
1490
1482
1491
1483
1492
1484
1493
1485
1494
1486
1495
1487
1496
1488
1497
1489
1498
1499
2360
1491
1500
1492
1501
1493
1502
1494
1503
1495
1504
1496
1505
1497
1506
1498
1507
1499
1508
1509
2380
1501
1510
1502
1511
1503
1512
1504
1513
1505
1514
1506
1515
1507
1516
1508
1517
1509
1518
1519
2400
1511
1520
1512
1521
1513
1522
1514
1523
1515
1524
1516
1525
1517
1526
1518
1527
1519
1528
1529
2420
1521
1530
1522
1531
1523
1532
1524
1533
1525
1534
1526
1535
1527
1536
1528
1537
1529
1538
1539
2440
1531
1540
1532
1541
1533
1542
1534
1543
1535
1544
1536
1545
1537
1546
1538
1547
1539
1548
1549
2460
1541
1550
1542
1551
1543
1552
1544
1553
1545
1554
1546
1555
1547
1556
1548
1557
1549
1558
1559
2480
1551
1560
1552
1561
1553
1562
1554
1563
1555
1564
1556
1565
1557
1566
1558
1567
1559
1568
1569
2500
1561
1570
1562
1571
1563
1572
1564
1573
1565
1574
1566
1575
1567
1576
1568
1577
1569
1578
1579
2520
1571
1580
1572
1581
1573
1582
1574
1583
1575
1584
1576
1585
1577
1586
1578
1587
1579
1588
1589
2540
1581
1590
1582
1591
1583
1592
1584
1593
1585
1594
1586
1595
1587
1596
1588
1597
1589
1598
1599
2560
1591
1600
1592
1601
1593
1602
1594
1603
1595
1604
1596
1605
1597
1606
1598
1607
1599
1608
1609
2580
1601
1610
1602
1611
1603
1612
1604
1613
1605
1614
1606
1615
1607
1616
1608
1617
1609
1618
1619
2600
1611
1620
1612
1621
1613
1622
1614
1623
1615
1624
1616
1625
1617
1626
1618
1627
1619
1628
1629
2620
1621
1630
1622
1631
1623
1632
1624
1633
1625
1634
1626
1635
1627
1636
1628
1637
1629
1638
1639
2640
1631
1640
1632
1641
1633
1642
1634
1643
1635
1644
1636
1645
1637
1646
1638
1647
1639
1648
1649
2660
1641
1650
1642
1651
1643
1652
1644
1653
1645
1654
1646
1655
1647
1656
1648
1657
1649
1658
1659
2680
1651
1660
1652
1661
1653
1662
1654
1663
1655
1664
1656
1665
1657
1666
1658
1667
1659
1668
1669
2700
1661
1670
1662
1671
1663
1672
1664
1673
1665
1674
1666
1675
1667
1676
1668
1677
1669
1678
1679
2720
1671
1680
1672
1681
1673
1682
1674
1683
1675
1684
1676
1685
1677
1686
1678
1687
1679
1688
1689
2740
1681
1690
1682
1691
1683
1692
1684
1693
1685
1694
1686
1695
1687
1696
1688
1697
1689
1698
1699
2760
1691
1700
1692
1701
1693
1702
1694
1703
1695
1704
1696
1705
1697
1706
1698
1707
1699
1708
1709
2780
1701
1710
1702
1711
1703
1712
1704
1713
1705
1714
1706
1715
1707
1716
1708
1717
1709
1718
1719
2800
1711
1720
1712
1721
1713
1722
1714
1723
1715
1724
1716
1725
1717
1726
1718
1727
1719
1728
1729
2820
1721
1730
1722
1731
1723
1732
1724
1733
1725
1734
1726
1735
1727
1736
1728
1737
1729
1738
1739
2840
1731
1740
1732
1741
1733
1742
1734
1743
1735
1744
1736
1745
1737
1746
1738
1747
1739
1748
1749
2860
1741
1750
1742
1751
1743
1752
1744
1753
1745
1754
1746
1755
1747
1756
1748
1757
1749
1758
1759
2880
1751
1760
1752
1761
1753
1762
1754
1763
1755
1764
1756
1765
1757
1766
1758
1767
1759
1768
1769
2900
1761
1770
1762
1771
1763
1772
1764
1773
1765
1774
1766
1775
1767
1776
1768
1777
1769
1778
1779
2920
1771
1780
1772
1781
1773
1782
1774
1783
1775
1784
1776
1785
1777
1786
1778
1787
1779
1788
1789
2940
1781
1790
1782
1791
1783
1792
1784
1793
1785
1794
1786
1795
1787
1796
1788
1797
1789
1798
1799
2960
1791
1792
1793
1794
1795
1796
1797
1798
1799
2980
1801
1820
1802
1821
1803
1822
1804
1823
1805
1824
1806
1825
1807
1826
1808
1827
1809
1828
1810
1829
1811
1830
1812
1831
1813
1832
1814
1833
1815
1834
1816
1835
1817
1836
1818
1837
1819
1838
1839
3000
1821
1840
1822
1841
1823
1842
1824
1843
1825
1844
1826
1845
1827
1846
1828
1847
1829
1848
1830
1849
1831
1850
1832
1851
1833
1852
1834
1853
1835
1854
1836
1855
1837
1856
1838
1857
1839
1858
1859
3010
1841
1860
1842
1861
1843
1862
1844
1863
1845
1864
1846
1865
1847
1866
1848
1867
1849
1868
1850
1869
1851
1870
1852
1871
1853
1872
1854
1873
1855
1874
1856
1875
1857
1876
1858
1877
1859
1878
1879
3020
1861
1880
1862
1881
1863
1882
1864
1883
1865
1884
1866
1885
1867
1886
1868
1887
1869
1888
1870
1889
1871
1890
1872
1891
1873
1892
1874
1893
1875
1894
1876
1895
1877
1896
1878
1897
1879
1898
1899
3030
1881
1900
1882
1901
1883
1902
1884
1903
1885
1904
1886
1905
1887
1906
1888
1907
1889
1908
1890
1909
1891
1910
1892
1911
1893
1912
1894
1913
1895
1914
1896
1915
1897
1916
1898
1917
1899
1918
1919
3040
1901
1920
1902
1921
1903
1922
1904
1923
1905
1924
1906
1925
1907
1926
1908
1927
1909
1928
1910
1929
1911
1930
1912
1931
1913
1932
1914
1933
1915
1934
1916
1935
1917
1936
1918
1937
1919
1938
1939
3050
1921
1940
1922
1941
1923
1942
1924
1943
1925
1944
1926
1945
1927
1946
1928
1947
1929
1948
1930
1949
1931
1950
1932
1951
1933
1952
1934
1953
1935
1954
1936
1955
1937
1956
1938
1957
1939
1958
1959
3060
1941
1960
1942
1961
1943
1962
1944
1963
1945
1964
1946
1965
1947
1966
1948
1967
1949
1968
1950
1969
1951
1970
1952
1971
1953
1972
1954
1973
1955
1974
1956
1975
1957
1976
1958
1977
1959
1978
1979
3070
1961
1980
1962
1981
1963
1982
1964
1983
1965
1984
1966
1985
1967
1986
1968
1987
1969
1988
1970
1989
1971
1990
1972
1991
1973
1992
1974
1993
1975
1994
1976
1995
1977
1996
1978
1997
1979
1998
1999
3080
1981
2000
1982
2001
1983
2002
1984
2003
1985
2004
1986
2005
1987
2006
1988
2007
1989
2008
1990
2009
1991
2010
1992
2011
1993
2012
1994
2013
1995
2014
1996
2015
1997
2016
1998
2017
1999
2018
2019
3090
2001
2020
2002
2021
2003
2022
2004
2023
2005
2024
2006
2025
2007
2026
2008
2027
2009
2028
2010
2029
2011
2030
2012
2031
2013
2032
2014
2033
2015
2034
2016
2035
2017
2036
2018
2037
2019
2038
2039
3100
2021
2040
2022
2041
2023
2042
2024
2043
2025
2044
2026
2045
2027
2046
2028
2047
2029
2048
2030
2049
2031
2050
2032
2051
2033
2052
2034
2053
2035
2054
2036
2055
2037
2056
2038
2057
2039
2058
2059
3110
2041
2060
2042
2061
2043
2062
2044
2063
2045
2064
2046
2065
2047
2066
2048
2067
2049
2068
2050
2069
2051
2070
2052
2071
2053
2072
2054
2073
2055
2074
2056
2075
2057
2076
2058
2077
2059
2078
2079
3120
2061
2080
2062
2081
2063
2082
2064
2083
2065
2084
2066
2085
2067
2086
2068
2087
2069
2088
2070
2089
2071
2090
2072
2091
2073
2092
2074
2093
2075
2094
2076
2095
2077
2096
2078
2097
2079
2098
2099
3130
2081
2100
2082
2101
2083
2102
2084
2103
2085
2104
2086
2105
2087
2106
2088
2107
2089
2108
2090
2109
2091
2110
2092
2111
2093
2112
2094
2113
2095
2114
2096
2115
2097
2116
2098
2117
2099
2118
2119
3140
2101
2120
2102
2121
2103
2122
2104
2123
2105
2124
2106
2125
2107
2126
2108
2127
2109
2128
2110
2129
2111
2130
2112
2131
2113
2132
2114
2133
2115
2134
2116
2135
2117
2136
2118
2137
2119
2138
2139
3150
2121
2140
2122
2141
2123
2142
2124
2143
2125
2144
2126
2145
2127
2146
2128
2147
2129
2148
2130
2149
2131
2150
2132
2151
2133
2152
2134
2153
2135
2154
2136
2155
2137
2156
2138
2157
2139
2158
2159
3160
2141
2160
2142
2161
2143
2162
2144
2163
2145
2164
2146
2165
2147
2166
2148
2167
2149
2168
2150
2169
2151
2170
2152
2171
2153
2172
2154
2173
2155
2174
2156
2175
2157
2176
2158
2177
2159
2178
2179
3170
2161
2180
2162
2181
2163
2182
2164
2183
2165
2184
2166
2185
2167
2186
2168
2187
2169
2188
2170
2189
2171
2190
2172
2191
2173
2192
2174
2193
2175
2194
2176
2195
2177
2196
2178
2197
2179
2198
2199
3180
2181
2200
2182
2201
2183
2202
2184
2203
2185
2204
2186
2205
2187
2206
2188
2207
2189
2208
2190
2209
2191
2210
2192
2211
2193
2212
2194
2213
2195
2214
2196
2215
2197
2216
2198
2217
2199
2218
2219
3190
2201
2220
2202
2221
2203
2222
2204
2223
2205
2224
2206
2225
2207
2226
2208
2227
2209
2228
2210
2229
2211
2230
2212
2231
2213
2232
2214
2233
2215
2234
2216
2235
2217
2236
2218
2237
2219
2238
2239
3200
2221
2240
2222
2241
2223
2242
2224
2243
2225
2244
2226
2245
2227
2246
2228
2247
2229
2248
2230
2249
2231
2250
2232
2251
2233
2252
2234
2253
2235
2254
2236
2255
2237
2256
2238
2257
2239
2258
2259
3210
2241
2260
2242
2261
2243
2262
2244
2263
2245
2264
2246
2265
2247
2266
2248
2267
2249
2268
2250
2269
2251
2270
2252
2271
2253
2272
2254
2273
2255
2274
2256
2275
2257
2276
2258
2277
2259
2278
2279
3220
2261
2280
2262
2281
2263
2282
2264
2283
2265
2284
2266
2285
2267
2286
2268
2287
2269
2288
2270
2289
2271
2290
2272
2291
2273
2292
2274
2293
2275
2294
2276
2295
2277
2296
2278
2297
2279
2298
2299
3230
2281
2300
2282
2301
2283
2302
2284
2303
2285
2304
2286
2305
2287
2306
2288
2307
2289
2308
2290
2309
2291
2310
2292
2311
2293
2312
2294
2313
2295
2314
2296
2315
2297
2316
2298
2317
2299
2318
2319
3240
2301
2320
2302
2321
2303
2322
2304
2323
2305
2324
2306
2325
2307
2326
2308
2327
2309
2328
2310
2329
2311
2330
2312
2331
2313
2332
2314
2333
2315
2334
2316
2335
2317
2336
2318
2337
2319
2338
2339
3250
2321
2340
2322
2341
2323
2342
2324
2343
2325
2344
2326
2345
2327
2346
2328
2347
2329
2348
2330
2349
2331
2350
2332
2351
2333
2352
2334
2353
2335
2354
2336
2355
2337
2356
2338
2357
2339
2358
2359
3260
2341
2360
2342
2361
2343
2362
2344
2363
2345
2364
2346
2365
2347
2366
2348
2367
2349
2368
2350
2369
2351
2370
2352
2371
2353
2372
2354
2373
2355
2374
2356
2375
2357
2376
2358
2377
2359
2378
2379
3270
2361
2380
2362
2381
2363
2382
2364
2383
2365
2384
2366
2385
2367
2386
2368
2387
2369
2388
2370
2389
2371
2390
2372
2391
2373
2392
2374
2393
2375
2394
2376
2395
2377
2396
2378
2397
2379
2398
2399
3280
2381
2400
2382
2401
2383
2402
2384
2403
2385
2404
2386
2405
2387
2406
2388
2407
2389
2408
2390
2409
2391
2410
2392
2411
2393
2412
2394
2413
2395
2414
2396
2415
2397
2416
2398
2417
2399
2418
2419
3290
2401
2420
2402
2421
2403
2422
2404
2423
2405
2424
2406
2425
2407
2426
2408
2427
2409
2428
2410
2429
2411
2430
2412
2431
2413
2432
2414
2433
2415
2434
2416
2435
2417
2436
2418
2437
2419
2438
2439
3300
2421
2440
2422
2441
2423
2442
2424
2443
2425
2444
2426
2445
2427
2446
2428
2447
2429
2448
2430
2449
2431
2450
2432
2451
2433
2452
2434
2453
2435
2454
2436
2455
2437
2456
2438
2457
2439
2458
2459
3310
2441
2460
2442
2461
2443
2462
2444
2463
2445
2464
2446
2465
2447
2466
2448
2467
2449
2468
2450
2469
2451
2470
2452
2471
2453
2472
2454
2473
2455
2474
2456
2475
2457
2476
2458
2477
2459
2478
2479
3320
2461
2480
2462
2481
2463
2482
2464
2483
2465
2484
2466
2485
2467
2486
2468
2487
2469
2488
2470
2489
2471
2490
2472
2491
2473
2492
2474
2493
2475
2494
2476
2495
2477
2496
2478
2497
2479
2498
2499
3330
2481
2500
2482
2501
2483
2502
2484
2503
2485
2504
2486
2505
2487
2506
2488
2507
2489
2508
2490
2509
2491
2510
2492
2511
2493
2512
2494
2513
2495
2514
2496
2515
2497
2516
2498
2517
2499
2518
2519
3340
2501
2520
2502
2521
2503
2522
2504
2523
2505
2524
2506
2525
2507
2526
2508
2527
2509
2528
2510
2529
2511
2530
2512
2531
2513
2532
2514
2533
2515
2534
2516
2535
2517
2536
2518
2537
2519
2538
2539
3350
2521
2540
2522
2541
2523
2542
2524
2543
2525
2544
2526
2545
2527
2546
2528
2547
2529
2548
2530
2549
2531
2550
2532
2551
2533
2552
2534
2553
2535
2554
2536
2555
2537
2556
2538
2557
2539
2558
2559
3360
2541
2560
2542
2561
2543
2562
2544
2563
2545
2564
2546
2565
2547
2566
2548
2567
2549
2568
2550
2569
2551
2570
2552
2571
2553
2572
2554
2573
2555
2574
2556
2575
2557
2576
2558
2577
2559
2578
2579
3370
2561
2580
2562
2581
2563
2582
2564
2583
2565
2584
2566
2585
2567
2586
2568
2587
2569
2588
2570
2589
2571
2590
2572
2591
2573
2592
2574
2593
2575
2594
2576
2595
2577
2596
2578
2597
2579
2598
2599
3380
2581
2600
2582
2601
2583
2602
2584
2603
2585
2604
2586
2605
2587
2606
2588
2607
2589
2608
2590
2609
2591
2610
2592
2611
2593
2612
2594
2613
2595
2614
2596
2615
2597
2616
2598
2617
2599
2618
2619
3390
2601
2620
2602
2621
2603
2622
2604
2623
2605
2624
2606
2625
2607
2626
2608
2627
2609
2628
2610
2629
2611
2630
2612
2631
2613
2632
2614
2633
2615
2634
2616
2635
2617
2636
2618
2637
2619
2638
2639
3400
2621
2640
2622
2641
2623
2642
2624
2643
2625
2644
2626
2645
2627
2646
2628
2647
2629
2648
2630
2649
2631
2650
2632
2651
2633
2652
2634
2653
2635
2654
2636
2655
2637
2656
2638
2657
2639
2658
2659
3410
2641
2660
2642
2661
2643
2662
2644
2663
2645
2664
2646
2665
2647
2666
2648
2667
2649
2668
2650
2669
2651
2670
2652
2671
2653
2672
2654
2673
2655
2674
2656
2675
2657
2676
2658
2677
2659
2678
2679
3420
2661
2680
2662
2681
2663
2682
2664
2683
2665
2684
2666
2685
2667
2686
2668
2687
2669
2688
2670
2689
2671
2690
2672
2691
2673
2692
2674
2693
2675
2694
2676
2695
2677
2696
2678
2697
2679
2698
2699
3430
2681
2700
2682
2701
2683
2702
2684
2703
2685
2704
2686
2705
2687
2706
2688
2707
2689
2708
2690
2709
2691
2710
2692
2711
2693
2712
2694
2713
2695
2714
2696
2715
2697
2716
2698
2717
2699
2718
2719
3440
2701
2720
2702
2721
2703
2722
2704
2723
2705
2724
2706
2725
2707
2726
2708
2727
2709
2728
2710
2729
2711
2730
2712
2731
2713
2732
2714
2733
2715
2734
2716
2735
2717
2736
2718
2737
2719
2738
2739
3450
2721
2740
2722
2741
2723
2742
2724
2743
2725
2744
2726
2745
2727
2746
2728
2747
2729
2748
2730
2749
2731
2750
2732
2751
2733
2752
2734
2753
2735
2754
2736
2755
2737
2756
2738
2757
2739
2758
2759
3460
2741
2760
2742
2761
2743
2762
2744
2763
2745
2764
2746
2765
2747
2766
2748
2767
2749
2768
2750
2769
2751
2770
2752
2771
2753
2772
2754
2773
2755
2774
2756
2775
2757
2776
2758
2777
2759
2778
2779
3470
2761
2780
2762
2781
2763
2782
2764
2783
2765
2784
2766
2785
2767
2786
2768
2787
2769
2788
2770
2789
2771
2790
2772
2791
2773
2792
2774
2793
2775
2794
2776
2795
2777
2796
2778
2797
2779
2798
2799
3480
2781
2800
2782
2801
2783
2802
2784
2803
2785
2804
2786
2805
2787
2806
2788
2807
2789
2808
2790
2809
2791
2810
2792
2811
2793
2812
2794
2813
2795
2814
2796
2815
2797
2816
2798
2817
2799
2818
2819
3490
2801
2820
2802
2821
2803
2822
2804
2823
2805
2824
2806
2825
2807
2826
2808
2827
2809
2828
2810
2829
2811
2830
2812
2831
2813
2832
2814
2833
2815
2834
2816
2835
2817
2836
2818
2837
2819
2838
2839
3500
2821
2840
2822
2841
2823
2842
2824
2843
2825
2844
2826
2845
2827
2846
2828
2847
2829
2848
2830
2849
2831
2850
2832
2851
2833
2852
2834
2853
2835
2854
2836
2855
2837
2856
2838
2857
2839
2858
2859
3510
2841
2860
2842
2861
2843
2862
2844
2863
2845
2864
2846
2865
2847
2866
2848
2867
2849
2868
2850
2869
2851
2870
2852
2871
2853
2872
2854
2873
2855
2874
2856
2875
2857
2876
2858
2877
2859
2878
2879
3520
2861
2880
2862
2881
2863
2882
2864
2883
2865
2884
2866
2885
2867
2886
2868
2887
2869
2888
2870
2889
2871
2890
2872
2891
2873
2892
2874
2893
2875
2894
2876
2895
2877
2896
2878
2897
2879
2898
2899
3530
2881
2900
2882
2901
2883
2902
2884
2903
2885
2904
2886
2905
2887
2906
2888
2907
2889
2908
2890
2909
2891
2910
2892
2911
2893
2912
2894
2913
2895
2914
2896
2915
2897
2916
2898
2917
2899
2918
2919
3540
2901
2920
2902
2921
2903
2922
2904
2923
2905
2924
2906
2925
2907
2926
2908
2927
2909
2928
2910
2929
2911
2930
2912
2931
2913
2932
2914
2933
2915
2934
2916
2935
2917
2936
2918
2937
2919
2938
2939
3550
2921
2940
2922
2941
2923
2942
2924
2943
2925
2944
2926
2945
2927
2946
2928
2947
2929
2948
2930
2949
2931
2950
2932
2951
2933
2952
2934
2953
2935
2954
2936
2955
2937
2956
2938
2957
2939
2958
2959
3560
2941
2960
2942
2961
2943
2962
2944
2963
2945
2964
2946
2965
2947
2966
2948
2967
2949
2968
2950
2969
2951
2970
2952
2971
2953
2972
2954
2973
2955
2974
2956
2975
2957
2976
2958
2977
2959
2978
2979
3570
2961
2980
2962
2981
2963
2982
2964
2983
2965
2984
2966
2985
2967
2986
2968
2987
2969
2988
2970
2989
2971
2990
2972
2991
2973
2992
2974
2993
2975
2994
2976
2995
2977
2996
2978
2997
2979
2998
2999
3580
2981
2982
2983
2984
2985
2986
2987
2988
2989
2990
2991
2992
2993
2994
2995
2996
2997
2998
2999
3590
3001
3010
3002
3011
3003
3012
3004
3013
3005
3014
3006
3015
3007
3016
3008
3017
3009
3018
3019
3011
3020
3012
3021
3013
3022
3014
3023
3015
3024
3016
3025
3017
3026
3018
3027
3019
3028
3029
3021
3030
3022
3031
3023
3032
3024
3033
3025
3034
3026
3035
3027
3036
3028
3037
3029
3038
3039
3031
3040
3032
3041
3033
3042
3034
3043
3035
3044
3036
3045
3037
3046
3038
3047
3039
3048
3049
3041
3050
3042
3051
3043
3052
3044
3053
3045
3054
3046
3055
3047
3056
3048
3057
3049
3058
3059
3051
3060
3052
3061
3053
3062
3054
3063
3055
3064
3056
3065
3057
3066
3058
3067
3059
3068
3069
3061
3070
3062
3071
3063
3072
3064
3073
3065
3074
3066
3075
3067
3076
3068
3077
3069
3078
3079
3071
3080
3072
3081
3073
3082
3074
3083
3075
3084
3076
3085
3077
3086
3078
3087
3079
3088
3089
3081
3090
3082
3091
3083
3092
3084
3093
3085
3094
3086
3095
3087
3096
3088
3097
3089
3098
3099
3091
3100
3092
3101
3093
3102
3094
3103
3095
3104
3096
3105
3097
3106
3098
3107
3099
3108
3109
3101
3110
3102
3111
3103
3112
3104
3113
3105
3114
3106
3115
3107
3116
3108
3117
3109
3118
3119
3111
3120
3112
3121
3113
3122
3114
3123
3115
3124
3116
3125
3117
3126
3118
3127
3119
3128
3129
3121
3130
3122
3131
3123
3132
3124
3133
3125
3134
3126
3135
3127
3136
3128
3137
3129
3138
3139
3131
3140
3132
3141
3133
3142
3134
3143
3135
3144
3136
3145
3137
3146
3138
3147
3139
3148
3149
3141
3150
3142
3151
3143
3152
3144
3153
3145
3154
3146
3155
3147
3156
3148
3157
3149
3158
3159
3151
3160
3152
3161
3153
3162
3154
3163
3155
3164
3156
3165
3157
3166
3158
3167
3159
3168
3169
3161
3170
3162
3171
3163
3172
3164
3173
3165
3174
3166
3175
3167
3176
3168
3177
3169
3178
3179
3171
3180
3172
3181
3173
3182
3174
3183
3175
3184
3176
3185
3177
3186
3178
3187
3179
3188
3189
3181
3190
3182
3191
3183
3192
3184
3193
3185
3194
3186
3195
3187
3196
3188
3197
3189
3198
3199
3191
3200
3192
3201
3193
3202
3194
3203
3195
3204
3196
3205
3197
3206
3198
3207
3199
3208
3209
3201
3210
3202
3211
3203
3212
3204
3213
3205
3214
3206
3215
3207
3216
3208
3217
3209
3218
3219
3211
3220
3212
3221
3213
3222
3214
3223
3215
3224
3216
3225
3217
3226
3218
3227
3219
3228
3229
3221
3230
3222
3231
3223
3232
3224
3233
3225
3234
3226
3235
3227
3236
3228
3237
3229
3238
3239
3231
3240
3232
3241
3233
3242
3234
3243
3235
3244
3236
3245
3237
3246
3238
3247
3239
3248
3249
3241
3250
3242
3251
3243
3252
3244
3253
3245
3254
3246
3255
3247
3256
3248
3257
3249
3258
3259
3251
3260
3252
3261
3253
3262
3254
3263
3255
3264
3256
3265
3257
3266
3258
3267
3259
3268
3269
3261
3270
3262
3271
3263
3272
3264
3273
3265
3274
3266
3275
3267
3276
3268
3277
3269
3278
3279
3271
3280
3272
3281
3273
3282
3274
3283
3275
3284
3276
3285
3277
3286
3278
3287
3279
3288
3289
3281
3290
3282
3291
3283
3292
3284
3293
3285
3294
3286
3295
3287
3296
3288
3297
3289
3298
3299
3291
3300
3292
3301
3293
3302
3294
3303
3295
3304
3296
3305
3297
3306
3298
3307
3299
3308
3309
3301
3310
3302
3311
3303
3312
3304
3313
3305
3314
3306
3315
3307
3316
3308
3317
3309
3318
3319
3311
3320
3312
3321
3313
3322
3314
3323
3315
3324
3316
3325
3317
3326
3318
3327
3319
3328
3329
3321
3330
3322
3331
3323
3332
3324
3333
3325
3334
3326
3335
3327
3336
3328
3337
3329
3338
3339
3331
3340
3332
3341
3333
3342
3334
3343
3335
3344
3336
3345
3337
3346
3338
3347
3339
3348
3349
3341
3350
3342
3351
3343
3352
3344
3353
3345
3354
3346
3355
3347
3356
3348
3357
3349
3358
3359
3351
3360
3352
3361
3353
3362
3354
3363
3355
3364
3356
3365
3357
3366
3358
3367
3359
3368
3369
3361
3370
3362
3371
3363
3372
3364
3373
3365
3374
3366
3375
3367
3376
3368
3377
3369
3378
3379
3371
3380
3372
3381
3373
3382
3374
3383
3375
3384
3376
3385
3377
3386
3378
3387
3379
3388
3389
3381
3390
3382
3391
3383
3392
3384
3393
3385
3394
3386
3395
3387
3396
3388
3397
3389
3398
3399
3391
3400
3392
3401
3393
3402
3394
3403
3395
3404
3396
3405
3397
3406
3398
3407
3399
3408
3409
3401
3410
3402
3411
3403
3412
3404
3413
3405
3414
3406
3415
3407
3416
3408
3417
3409
3418
3419
3411
3420
3412
3421
3413
3422
3414
3423
3415
3424
3416
3425
3417
3426
3418
3427
3419
3428
3429
3421
3430
3422
3431
3423
3432
3424
3433
3425
3434
3426
3435
3427
3436
3428
3437
3429
3438
3439
3431
3440
3432
3441
3433
3442
3434
3443
3435
3444
3436
3445
3437
3446
3438
3447
3439
3448
3449
3441
3450
3442
3451
3443
3452
3444
3453
3445
3454
3446
3455
3447
3456
3448
3457
3449
3458
3459
3451
3460
3452
3461
3453
3462
3454
3463
3455
3464
3456
3465
3457
3466
3458
3467
3459
3468
3469
3461
3470
3462
3471
3463
3472
3464
3473
3465
3474
3466
3475
3467
3476
3468
3477
3469
3478
3479
3471
3480
3472
3481
3473
3482
3474
3483
3475
3484
3476
3485
3477
3486
3478
3487
3479
3488
3489
3481
3490
3482
3491
3483
3492
3484
3493
3485
3494
3486
3495
3487
3496
3488
3497
3489
3498
3499
3491
3500
3492
3501
3493
3502
3494
3503
3495
3504
3496
3505
3497
3506
3498
3507
3499
3508
3509
3501
3510
3502
3511
3503
3512
3504
3513
3505
3514
3506
3515
3507
3516
3508
3517
3509
3518
3519
3511
3520
3512
3521
3513
3522
3514
3523
3515
3524
3516
3525
3517
3526
3518
3527
3519
3528
3529
3521
3530
3522
3531
3523
3532
3524
3533
3525
3534
3526
3535
3527
3536
3528
3537
3529
3538
3539
3531
3540
3532
3541
3533
3542
3534
3543
3535
3544
3536
3545
3537
3546
3538
3547
3539
3548
3549
3541
3550
3542
3551
3543
3552
3544
3553
3545
3554
3546
3555
3547
3556
3548
3557
3549
3558
3559
3551
3560
3552
3561
3553
3562
3554
3563
3555
3564
3556
3565
3557
3566
3558
3567
3559
3568
3569
3561
3570
3562
3571
3563
3572
3564
3573
3565
3574
3566
3575
3567
3576
3568
3577
3569
3578
3579
3571
3580
3572
3581
3573
3582
3574
3583
3575
3584
3576
3585
3577
3586
3578
3587
3579
3588
3589
3581
3590
3582
3591
3583
3592
3584
3593
3585
3594
3586
3595
3587
3596
3588
3597
3589
3598
3599
3591
3592
3593
3594
3595
3596
3597
3598
3599
)


// ************************************************************************* //
