/*--------------------------------*- C++ -*----------------------------------*\
| =========                 |                                                 |
| \\      /  F ield         | OpenFOAM: The Open Source CFD Toolbox           |
|  \\    /   O peration     | Version:  2512                                  |
|   \\  /    A nd           | Website:  www.openfoam.com                      |
|    \\/     M anipulation  |                                                 |
\*---------------------------------------------------------------------------*/
FoamFile
{
    version     2.0;
    format      ascii;
    arch        "LSB;label=32;scalar=64";
    class       vectorField;
    location    "constant/solid_1/polyMesh";
    object      points;
}
// * * * * * * * * * * * * * * * * * * * * * * * * * * * * * * * * * * * * * //


1342
(
(0.1 0 0)
(0.1 0.005 0)
(0.1 0.01 0)
(0.1 0.015 0)
(0.1 0.02 0)
(0.1 0.025 0)
(0.1 0.03 0)
(0.1 0.035 0)
(0.1 0.04 0)
(0.1 0.045 0)
(0.1 0.05 0)
(0.1 0.055 0)
(0.1 0.06 0)
(0.1 0.065 0)
(0.1 0.07 0)
(0.1 0.075 0)
(0.1 0.08 0)
(0.1 0.085 0)
(0.1 0.09 0)
(0.1 0.095 0)
(0.1 0.1 0)
(0.1 0.105 0)
(0.1 0.11 0)
(0.1 0.115 0)
(0.1 0.12 0)
(0.1 0.125 0)
(0.1 0.13 0)
(0.1 0.135 0)
(0.1 0.14 0)
(0.1 0.145 0)
(0.1 0.15 0)
(0.1 0.155 0)
(0.1 0.16 0)
(0.1 0.165 0)
(0.1 0.17 0)
(0.1 0.175 0)
(0.1 0.18 0)
(0.1 0.185 0)
(0.1 0.19 0)
(0.1 0.195 0)
(0.1 0.2 0)
(0.1 0.205 0)
(0.1 0.21 0)
(0.1 0.215 0)
(0.1 0.22 0)
(0.1 0.225 0)
(0.1 0.23 0)
(0.1 0.235 0)
(0.1 0.24 0)
(0.1 0.245 0)
(0.1 0.25 0)
(0.1 0.255 0)
(0.1 0.26 0)
(0.1 0.265 0)
(0.1 0.27 0)
(0.1 0.275 0)
(0.1 0.28 0)
(0.1 0.285 0)
(0.1 0.29 0)
(0.1 0.295 0)
(0.1 0.3 0)
(0.1 0 0.01)
(0.1 0.005 0.01)
(0.1 0.01 0.01)
(0.1 0.015 0.01)
(0.1 0.02 0.01)
(0.1 0.025 0.01)
(0.1 0.03 0.01)
(0.1 0.035 0.01)
(0.1 0.04 0.01)
(0.1 0.045 0.01)
(0.1 0.05 0.01)
(0.1 0.055 0.01)
(0.1 0.06 0.01)
(0.1 0.065 0.01)
(0.1 0.07 0.01)
(0.1 0.075 0.01)
(0.1 0.08 0.01)
(0.1 0.085 0.01)
(0.1 0.09 0.01)
(0.1 0.095 0.01)
(0.1 0.1 0.01)
(0.1 0.105 0.01)
(0.1 0.11 0.01)
(0.1 0.115 0.01)
(0.1 0.12 0.01)
(0.1 0.125 0.01)
(0.1 0.13 0.01)
(0.1 0.135 0.01)
(0.1 0.14 0.01)
(0.1 0.145 0.01)
(0.1 0.15 0.01)
(0.1 0.155 0.01)
(0.1 0.16 0.01)
(0.1 0.165 0.01)
(0.1 0.17 0.01)
(0.1 0.175 0.01)
(0.1 0.18 0.01)
(0.1 0.185 0.01)
(0.1 0.19 0.01)
(0.1 0.195 0.01)
(0.1 0.2 0.01)
(0.1 0.205 0.01)
(0.1 0.21 0.01)
(0.1 0.215 0.01)
(0.1 0.22 0.01)
(0.1 0.225 0.01)
(0.1 0.23 0.01)
(0.1 0.235 0.01)
(0.1 0.24 0.01)
(0.1 0.245 0.01)
(0.1 0.25 0.01)
(0.1 0.255 0.01)
(0.1 0.26 0.01)
(0.1 0.265 0.01)
(0.1 0.27 0.01)
(0.1 0.275 0.01)
(0.1 0.28 0.01)
(0.1 0.285 0.01)
(0.1 0.29 0.01)
(0.1 0.295 0.01)
(0.1 0.3 0.01)
(0.101 0 0)
(0.102 0 0)
(0.103 0 0)
(0.104 0 0)
(0.105 0 0)
(0.106 0 0)
(0.107 0 0)
(0.108 0 0)
(0.109 0 0)
(0.11 0 0)
(0.101 0.005 0)
(0.102 0.005 0)
(0.103 0.005 0)
(0.104 0.005 0)
(0.105 0.005 0)
(0.106 0.005 0)
(0.107 0.005 0)
(0.108 0.005 0)
(0.109 0.005 0)
(0.11 0.005 0)
(0.101 0.01 0)
(0.102 0.01 0)
(0.103 0.01 0)
(0.104 0.01 0)
(0.105 0.01 0)
(0.106 0.01 0)
(0.107 0.01 0)
(0.108 0.01 0)
(0.109 0.01 0)
(0.11 0.01 0)
(0.101 0.015 0)
(0.102 0.015 0)
(0.103 0.015 0)
(0.104 0.015 0)
(0.105 0.015 0)
(0.106 0.015 0)
(0.107 0.015 0)
(0.108 0.015 0)
(0.109 0.015 0)
(0.11 0.015 0)
(0.101 0.02 0)
(0.102 0.02 0)
(0.103 0.02 0)
(0.104 0.02 0)
(0.105 0.02 0)
(0.106 0.02 0)
(0.107 0.02 0)
(0.108 0.02 0)
(0.109 0.02 0)
(0.11 0.02 0)
(0.101 0.025 0)
(0.102 0.025 0)
(0.103 0.025 0)
(0.104 0.025 0)
(0.105 0.025 0)
(0.106 0.025 0)
(0.107 0.025 0)
(0.108 0.025 0)
(0.109 0.025 0)
(0.11 0.025 0)
(0.101 0.03 0)
(0.102 0.03 0)
(0.103 0.03 0)
(0.104 0.03 0)
(0.105 0.03 0)
(0.106 0.03 0)
(0.107 0.03 0)
(0.108 0.03 0)
(0.109 0.03 0)
(0.11 0.03 0)
(0.101 0.035 0)
(0.102 0.035 0)
(0.103 0.035 0)
(0.104 0.035 0)
(0.105 0.035 0)
(0.106 0.035 0)
(0.107 0.035 0)
(0.108 0.035 0)
(0.109 0.035 0)
(0.11 0.035 0)
(0.101 0.04 0)
(0.102 0.04 0)
(0.103 0.04 0)
(0.104 0.04 0)
(0.105 0.04 0)
(0.106 0.04 0)
(0.107 0.04 0)
(0.108 0.04 0)
(0.109 0.04 0)
(0.11 0.04 0)
(0.101 0.045 0)
(0.102 0.045 0)
(0.103 0.045 0)
(0.104 0.045 0)
(0.105 0.045 0)
(0.106 0.045 0)
(0.107 0.045 0)
(0.108 0.045 0)
(0.109 0.045 0)
(0.11 0.045 0)
(0.101 0.05 0)
(0.102 0.05 0)
(0.103 0.05 0)
(0.104 0.05 0)
(0.105 0.05 0)
(0.106 0.05 0)
(0.107 0.05 0)
(0.108 0.05 0)
(0.109 0.05 0)
(0.11 0.05 0)
(0.101 0.055 0)
(0.102 0.055 0)
(0.103 0.055 0)
(0.104 0.055 0)
(0.105 0.055 0)
(0.106 0.055 0)
(0.107 0.055 0)
(0.108 0.055 0)
(0.109 0.055 0)
(0.11 0.055 0)
(0.101 0.06 0)
(0.102 0.06 0)
(0.103 0.06 0)
(0.104 0.06 0)
(0.105 0.06 0)
(0.106 0.06 0)
(0.107 0.06 0)
(0.108 0.06 0)
(0.109 0.06 0)
(0.11 0.06 0)
(0.101 0.065 0)
(0.102 0.065 0)
(0.103 0.065 0)
(0.104 0.065 0)
(0.105 0.065 0)
(0.106 0.065 0)
(0.107 0.065 0)
(0.108 0.065 0)
(0.109 0.065 0)
(0.11 0.065 0)
(0.101 0.07 0)
(0.102 0.07 0)
(0.103 0.07 0)
(0.104 0.07 0)
(0.105 0.07 0)
(0.106 0.07 0)
(0.107 0.07 0)
(0.108 0.07 0)
(0.109 0.07 0)
(0.11 0.07 0)
(0.101 0.075 0)
(0.102 0.075 0)
(0.103 0.075 0)
(0.104 0.075 0)
(0.105 0.075 0)
(0.106 0.075 0)
(0.107 0.075 0)
(0.108 0.075 0)
(0.109 0.075 0)
(0.11 0.075 0)
(0.101 0.08 0)
(0.102 0.08 0)
(0.103 0.08 0)
(0.104 0.08 0)
(0.105 0.08 0)
(0.106 0.08 0)
(0.107 0.08 0)
(0.108 0.08 0)
(0.109 0.08 0)
(0.11 0.08 0)
(0.101 0.085 0)
(0.102 0.085 0)
(0.103 0.085 0)
(0.104 0.085 0)
(0.105 0.085 0)
(0.106 0.085 0)
(0.107 0.085 0)
(0.108 0.085 0)
(0.109 0.085 0)
(0.11 0.085 0)
(0.101 0.09 0)
(0.102 0.09 0)
(0.103 0.09 0)
(0.104 0.09 0)
(0.105 0.09 0)
(0.106 0.09 0)
(0.107 0.09 0)
(0.108 0.09 0)
(0.109 0.09 0)
(0.11 0.09 0)
(0.101 0.095 0)
(0.102 0.095 0)
(0.103 0.095 0)
(0.104 0.095 0)
(0.105 0.095 0)
(0.106 0.095 0)
(0.107 0.095 0)
(0.108 0.095 0)
(0.109 0.095 0)
(0.11 0.095 0)
(0.101 0.1 0)
(0.102 0.1 0)
(0.103 0.1 0)
(0.104 0.1 0)
(0.105 0.1 0)
(0.106 0.1 0)
(0.107 0.1 0)
(0.108 0.1 0)
(0.109 0.1 0)
(0.11 0.1 0)
(0.101 0.105 0)
(0.102 0.105 0)
(0.103 0.105 0)
(0.104 0.105 0)
(0.105 0.105 0)
(0.106 0.105 0)
(0.107 0.105 0)
(0.108 0.105 0)
(0.109 0.105 0)
(0.11 0.105 0)
(0.101 0.11 0)
(0.102 0.11 0)
(0.103 0.11 0)
(0.104 0.11 0)
(0.105 0.11 0)
(0.106 0.11 0)
(0.107 0.11 0)
(0.108 0.11 0)
(0.109 0.11 0)
(0.11 0.11 0)
(0.101 0.115 0)
(0.102 0.115 0)
(0.103 0.115 0)
(0.104 0.115 0)
(0.105 0.115 0)
(0.106 0.115 0)
(0.107 0.115 0)
(0.108 0.115 0)
(0.109 0.115 0)
(0.11 0.115 0)
(0.101 0.12 0)
(0.102 0.12 0)
(0.103 0.12 0)
(0.104 0.12 0)
(0.105 0.12 0)
(0.106 0.12 0)
(0.107 0.12 0)
(0.108 0.12 0)
(0.109 0.12 0)
(0.11 0.12 0)
(0.101 0.125 0)
(0.102 0.125 0)
(0.103 0.125 0)
(0.104 0.125 0)
(0.105 0.125 0)
(0.106 0.125 0)
(0.107 0.125 0)
(0.108 0.125 0)
(0.109 0.125 0)
(0.11 0.125 0)
(0.101 0.13 0)
(0.102 0.13 0)
(0.103 0.13 0)
(0.104 0.13 0)
(0.105 0.13 0)
(0.106 0.13 0)
(0.107 0.13 0)
(0.108 0.13 0)
(0.109 0.13 0)
(0.11 0.13 0)
(0.101 0.135 0)
(0.102 0.135 0)
(0.103 0.135 0)
(0.104 0.135 0)
(0.105 0.135 0)
(0.106 0.135 0)
(0.107 0.135 0)
(0.108 0.135 0)
(0.109 0.135 0)
(0.11 0.135 0)
(0.101 0.14 0)
(0.102 0.14 0)
(0.103 0.14 0)
(0.104 0.14 0)
(0.105 0.14 0)
(0.106 0.14 0)
(0.107 0.14 0)
(0.108 0.14 0)
(0.109 0.14 0)
(0.11 0.14 0)
(0.101 0.145 0)
(0.102 0.145 0)
(0.103 0.145 0)
(0.104 0.145 0)
(0.105 0.145 0)
(0.106 0.145 0)
(0.107 0.145 0)
(0.108 0.145 0)
(0.109 0.145 0)
(0.11 0.145 0)
(0.101 0.15 0)
(0.102 0.15 0)
(0.103 0.15 0)
(0.104 0.15 0)
(0.105 0.15 0)
(0.106 0.15 0)
(0.107 0.15 0)
(0.108 0.15 0)
(0.109 0.15 0)
(0.11 0.15 0)
(0.101 0.155 0)
(0.102 0.155 0)
(0.103 0.155 0)
(0.104 0.155 0)
(0.105 0.155 0)
(0.106 0.155 0)
(0.107 0.155 0)
(0.108 0.155 0)
(0.109 0.155 0)
(0.11 0.155 0)
(0.101 0.16 0)
(0.102 0.16 0)
(0.103 0.16 0)
(0.104 0.16 0)
(0.105 0.16 0)
(0.106 0.16 0)
(0.107 0.16 0)
(0.108 0.16 0)
(0.109 0.16 0)
(0.11 0.16 0)
(0.101 0.165 0)
(0.102 0.165 0)
(0.103 0.165 0)
(0.104 0.165 0)
(0.105 0.165 0)
(0.106 0.165 0)
(0.107 0.165 0)
(0.108 0.165 0)
(0.109 0.165 0)
(0.11 0.165 0)
(0.101 0.17 0)
(0.102 0.17 0)
(0.103 0.17 0)
(0.104 0.17 0)
(0.105 0.17 0)
(0.106 0.17 0)
(0.107 0.17 0)
(0.108 0.17 0)
(0.109 0.17 0)
(0.11 0.17 0)
(0.101 0.175 0)
(0.102 0.175 0)
(0.103 0.175 0)
(0.104 0.175 0)
(0.105 0.175 0)
(0.106 0.175 0)
(0.107 0.175 0)
(0.108 0.175 0)
(0.109 0.175 0)
(0.11 0.175 0)
(0.101 0.18 0)
(0.102 0.18 0)
(0.103 0.18 0)
(0.104 0.18 0)
(0.105 0.18 0)
(0.106 0.18 0)
(0.107 0.18 0)
(0.108 0.18 0)
(0.109 0.18 0)
(0.11 0.18 0)
(0.101 0.185 0)
(0.102 0.185 0)
(0.103 0.185 0)
(0.104 0.185 0)
(0.105 0.185 0)
(0.106 0.185 0)
(0.107 0.185 0)
(0.108 0.185 0)
(0.109 0.185 0)
(0.11 0.185 0)
(0.101 0.19 0)
(0.102 0.19 0)
(0.103 0.19 0)
(0.104 0.19 0)
(0.105 0.19 0)
(0.106 0.19 0)
(0.107 0.19 0)
(0.108 0.19 0)
(0.109 0.19 0)
(0.11 0.19 0)
(0.101 0.195 0)
(0.102 0.195 0)
(0.103 0.195 0)
(0.104 0.195 0)
(0.105 0.195 0)
(0.106 0.195 0)
(0.107 0.195 0)
(0.108 0.195 0)
(0.109 0.195 0)
(0.11 0.195 0)
(0.101 0.2 0)
(0.102 0.2 0)
(0.103 0.2 0)
(0.104 0.2 0)
(0.105 0.2 0)
(0.106 0.2 0)
(0.107 0.2 0)
(0.108 0.2 0)
(0.109 0.2 0)
(0.11 0.2 0)
(0.101 0.205 0)
(0.102 0.205 0)
(0.103 0.205 0)
(0.104 0.205 0)
(0.105 0.205 0)
(0.106 0.205 0)
(0.107 0.205 0)
(0.108 0.205 0)
(0.109 0.205 0)
(0.11 0.205 0)
(0.101 0.21 0)
(0.102 0.21 0)
(0.103 0.21 0)
(0.104 0.21 0)
(0.105 0.21 0)
(0.106 0.21 0)
(0.107 0.21 0)
(0.108 0.21 0)
(0.109 0.21 0)
(0.11 0.21 0)
(0.101 0.215 0)
(0.102 0.215 0)
(0.103 0.215 0)
(0.104 0.215 0)
(0.105 0.215 0)
(0.106 0.215 0)
(0.107 0.215 0)
(0.108 0.215 0)
(0.109 0.215 0)
(0.11 0.215 0)
(0.101 0.22 0)
(0.102 0.22 0)
(0.103 0.22 0)
(0.104 0.22 0)
(0.105 0.22 0)
(0.106 0.22 0)
(0.107 0.22 0)
(0.108 0.22 0)
(0.109 0.22 0)
(0.11 0.22 0)
(0.101 0.225 0)
(0.102 0.225 0)
(0.103 0.225 0)
(0.104 0.225 0)
(0.105 0.225 0)
(0.106 0.225 0)
(0.107 0.225 0)
(0.108 0.225 0)
(0.109 0.225 0)
(0.11 0.225 0)
(0.101 0.23 0)
(0.102 0.23 0)
(0.103 0.23 0)
(0.104 0.23 0)
(0.105 0.23 0)
(0.106 0.23 0)
(0.107 0.23 0)
(0.108 0.23 0)
(0.109 0.23 0)
(0.11 0.23 0)
(0.101 0.235 0)
(0.102 0.235 0)
(0.103 0.235 0)
(0.104 0.235 0)
(0.105 0.235 0)
(0.106 0.235 0)
(0.107 0.235 0)
(0.108 0.235 0)
(0.109 0.235 0)
(0.11 0.235 0)
(0.101 0.24 0)
(0.102 0.24 0)
(0.103 0.24 0)
(0.104 0.24 0)
(0.105 0.24 0)
(0.106 0.24 0)
(0.107 0.24 0)
(0.108 0.24 0)
(0.109 0.24 0)
(0.11 0.24 0)
(0.101 0.245 0)
(0.102 0.245 0)
(0.103 0.245 0)
(0.104 0.245 0)
(0.105 0.245 0)
(0.106 0.245 0)
(0.107 0.245 0)
(0.108 0.245 0)
(0.109 0.245 0)
(0.11 0.245 0)
(0.101 0.25 0)
(0.102 0.25 0)
(0.103 0.25 0)
(0.104 0.25 0)
(0.105 0.25 0)
(0.106 0.25 0)
(0.107 0.25 0)
(0.108 0.25 0)
(0.109 0.25 0)
(0.11 0.25 0)
(0.101 0.255 0)
(0.102 0.255 0)
(0.103 0.255 0)
(0.104 0.255 0)
(0.105 0.255 0)
(0.106 0.255 0)
(0.107 0.255 0)
(0.108 0.255 0)
(0.109 0.255 0)
(0.11 0.255 0)
(0.101 0.26 0)
(0.102 0.26 0)
(0.103 0.26 0)
(0.104 0.26 0)
(0.105 0.26 0)
(0.106 0.26 0)
(0.107 0.26 0)
(0.108 0.26 0)
(0.109 0.26 0)
(0.11 0.26 0)
(0.101 0.265 0)
(0.102 0.265 0)
(0.103 0.265 0)
(0.104 0.265 0)
(0.105 0.265 0)
(0.106 0.265 0)
(0.107 0.265 0)
(0.108 0.265 0)
(0.109 0.265 0)
(0.11 0.265 0)
(0.101 0.27 0)
(0.102 0.27 0)
(0.103 0.27 0)
(0.104 0.27 0)
(0.105 0.27 0)
(0.106 0.27 0)
(0.107 0.27 0)
(0.108 0.27 0)
(0.109 0.27 0)
(0.11 0.27 0)
(0.101 0.275 0)
(0.102 0.275 0)
(0.103 0.275 0)
(0.104 0.275 0)
(0.105 0.275 0)
(0.106 0.275 0)
(0.107 0.275 0)
(0.108 0.275 0)
(0.109 0.275 0)
(0.11 0.275 0)
(0.101 0.28 0)
(0.102 0.28 0)
(0.103 0.28 0)
(0.104 0.28 0)
(0.105 0.28 0)
(0.106 0.28 0)
(0.107 0.28 0)
(0.108 0.28 0)
(0.109 0.28 0)
(0.11 0.28 0)
(0.101 0.285 0)
(0.102 0.285 0)
(0.103 0.285 0)
(0.104 0.285 0)
(0.105 0.285 0)
(0.106 0.285 0)
(0.107 0.285 0)
(0.108 0.285 0)
(0.109 0.285 0)
(0.11 0.285 0)
(0.101 0.29 0)
(0.102 0.29 0)
(0.103 0.29 0)
(0.104 0.29 0)
(0.105 0.29 0)
(0.106 0.29 0)
(0.107 0.29 0)
(0.108 0.29 0)
(0.109 0.29 0)
(0.11 0.29 0)
(0.101 0.295 0)
(0.102 0.295 0)
(0.103 0.295 0)
(0.104 0.295 0)
(0.105 0.295 0)
(0.106 0.295 0)
(0.107 0.295 0)
(0.108 0.295 0)
(0.109 0.295 0)
(0.11 0.295 0)
(0.101 0.3 0)
(0.102 0.3 0)
(0.103 0.3 0)
(0.104 0.3 0)
(0.105 0.3 0)
(0.106 0.3 0)
(0.107 0.3 0)
(0.108 0.3 0)
(0.109 0.3 0)
(0.11 0.3 0)
(0.101 0 0.01)
(0.102 0 0.01)
(0.103 0 0.01)
(0.104 0 0.01)
(0.105 0 0.01)
(0.106 0 0.01)
(0.107 0 0.01)
(0.108 0 0.01)
(0.109 0 0.01)
(0.11 0 0.01)
(0.101 0.005 0.01)
(0.102 0.005 0.01)
(0.103 0.005 0.01)
(0.104 0.005 0.01)
(0.105 0.005 0.01)
(0.106 0.005 0.01)
(0.107 0.005 0.01)
(0.108 0.005 0.01)
(0.109 0.005 0.01)
(0.11 0.005 0.01)
(0.101 0.01 0.01)
(0.102 0.01 0.01)
(0.103 0.01 0.01)
(0.104 0.01 0.01)
(0.105 0.01 0.01)
(0.106 0.01 0.01)
(0.107 0.01 0.01)
(0.108 0.01 0.01)
(0.109 0.01 0.01)
(0.11 0.01 0.01)
(0.101 0.015 0.01)
(0.102 0.015 0.01)
(0.103 0.015 0.01)
(0.104 0.015 0.01)
(0.105 0.015 0.01)
(0.106 0.015 0.01)
(0.107 0.015 0.01)
(0.108 0.015 0.01)
(0.109 0.015 0.01)
(0.11 0.015 0.01)
(0.101 0.02 0.01)
(0.102 0.02 0.01)
(0.103 0.02 0.01)
(0.104 0.02 0.01)
(0.105 0.02 0.01)
(0.106 0.02 0.01)
(0.107 0.02 0.01)
(0.108 0.02 0.01)
(0.109 0.02 0.01)
(0.11 0.02 0.01)
(0.101 0.025 0.01)
(0.102 0.025 0.01)
(0.103 0.025 0.01)
(0.104 0.025 0.01)
(0.105 0.025 0.01)
(0.106 0.025 0.01)
(0.107 0.025 0.01)
(0.108 0.025 0.01)
(0.109 0.025 0.01)
(0.11 0.025 0.01)
(0.101 0.03 0.01)
(0.102 0.03 0.01)
(0.103 0.03 0.01)
(0.104 0.03 0.01)
(0.105 0.03 0.01)
(0.106 0.03 0.01)
(0.107 0.03 0.01)
(0.108 0.03 0.01)
(0.109 0.03 0.01)
(0.11 0.03 0.01)
(0.101 0.035 0.01)
(0.102 0.035 0.01)
(0.103 0.035 0.01)
(0.104 0.035 0.01)
(0.105 0.035 0.01)
(0.106 0.035 0.01)
(0.107 0.035 0.01)
(0.108 0.035 0.01)
(0.109 0.035 0.01)
(0.11 0.035 0.01)
(0.101 0.04 0.01)
(0.102 0.04 0.01)
(0.103 0.04 0.01)
(0.104 0.04 0.01)
(0.105 0.04 0.01)
(0.106 0.04 0.01)
(0.107 0.04 0.01)
(0.108 0.04 0.01)
(0.109 0.04 0.01)
(0.11 0.04 0.01)
(0.101 0.045 0.01)
(0.102 0.045 0.01)
(0.103 0.045 0.01)
(0.104 0.045 0.01)
(0.105 0.045 0.01)
(0.106 0.045 0.01)
(0.107 0.045 0.01)
(0.108 0.045 0.01)
(0.109 0.045 0.01)
(0.11 0.045 0.01)
(0.101 0.05 0.01)
(0.102 0.05 0.01)
(0.103 0.05 0.01)
(0.104 0.05 0.01)
(0.105 0.05 0.01)
(0.106 0.05 0.01)
(0.107 0.05 0.01)
(0.108 0.05 0.01)
(0.109 0.05 0.01)
(0.11 0.05 0.01)
(0.101 0.055 0.01)
(0.102 0.055 0.01)
(0.103 0.055 0.01)
(0.104 0.055 0.01)
(0.105 0.055 0.01)
(0.106 0.055 0.01)
(0.107 0.055 0.01)
(0.108 0.055 0.01)
(0.109 0.055 0.01)
(0.11 0.055 0.01)
(0.101 0.06 0.01)
(0.102 0.06 0.01)
(0.103 0.06 0.01)
(0.104 0.06 0.01)
(0.105 0.06 0.01)
(0.106 0.06 0.01)
(0.107 0.06 0.01)
(0.108 0.06 0.01)
(0.109 0.06 0.01)
(0.11 0.06 0.01)
(0.101 0.065 0.01)
(0.102 0.065 0.01)
(0.103 0.065 0.01)
(0.104 0.065 0.01)
(0.105 0.065 0.01)
(0.106 0.065 0.01)
(0.107 0.065 0.01)
(0.108 0.065 0.01)
(0.109 0.065 0.01)
(0.11 0.065 0.01)
(0.101 0.07 0.01)
(0.102 0.07 0.01)
(0.103 0.07 0.01)
(0.104 0.07 0.01)
(0.105 0.07 0.01)
(0.106 0.07 0.01)
(0.107 0.07 0.01)
(0.108 0.07 0.01)
(0.109 0.07 0.01)
(0.11 0.07 0.01)
(0.101 0.075 0.01)
(0.102 0.075 0.01)
(0.103 0.075 0.01)
(0.104 0.075 0.01)
(0.105 0.075 0.01)
(0.106 0.075 0.01)
(0.107 0.075 0.01)
(0.108 0.075 0.01)
(0.109 0.075 0.01)
(0.11 0.075 0.01)
(0.101 0.08 0.01)
(0.102 0.08 0.01)
(0.103 0.08 0.01)
(0.104 0.08 0.01)
(0.105 0.08 0.01)
(0.106 0.08 0.01)
(0.107 0.08 0.01)
(0.108 0.08 0.01)
(0.109 0.08 0.01)
(0.11 0.08 0.01)
(0.101 0.085 0.01)
(0.102 0.085 0.01)
(0.103 0.085 0.01)
(0.104 0.085 0.01)
(0.105 0.085 0.01)
(0.106 0.085 0.01)
(0.107 0.085 0.01)
(0.108 0.085 0.01)
(0.109 0.085 0.01)
(0.11 0.085 0.01)
(0.101 0.09 0.01)
(0.102 0.09 0.01)
(0.103 0.09 0.01)
(0.104 0.09 0.01)
(0.105 0.09 0.01)
(0.106 0.09 0.01)
(0.107 0.09 0.01)
(0.108 0.09 0.01)
(0.109 0.09 0.01)
(0.11 0.09 0.01)
(0.101 0.095 0.01)
(0.102 0.095 0.01)
(0.103 0.095 0.01)
(0.104 0.095 0.01)
(0.105 0.095 0.01)
(0.106 0.095 0.01)
(0.107 0.095 0.01)
(0.108 0.095 0.01)
(0.109 0.095 0.01)
(0.11 0.095 0.01)
(0.101 0.1 0.01)
(0.102 0.1 0.01)
(0.103 0.1 0.01)
(0.104 0.1 0.01)
(0.105 0.1 0.01)
(0.106 0.1 0.01)
(0.107 0.1 0.01)
(0.108 0.1 0.01)
(0.109 0.1 0.01)
(0.11 0.1 0.01)
(0.101 0.105 0.01)
(0.102 0.105 0.01)
(0.103 0.105 0.01)
(0.104 0.105 0.01)
(0.105 0.105 0.01)
(0.106 0.105 0.01)
(0.107 0.105 0.01)
(0.108 0.105 0.01)
(0.109 0.105 0.01)
(0.11 0.105 0.01)
(0.101 0.11 0.01)
(0.102 0.11 0.01)
(0.103 0.11 0.01)
(0.104 0.11 0.01)
(0.105 0.11 0.01)
(0.106 0.11 0.01)
(0.107 0.11 0.01)
(0.108 0.11 0.01)
(0.109 0.11 0.01)
(0.11 0.11 0.01)
(0.101 0.115 0.01)
(0.102 0.115 0.01)
(0.103 0.115 0.01)
(0.104 0.115 0.01)
(0.105 0.115 0.01)
(0.106 0.115 0.01)
(0.107 0.115 0.01)
(0.108 0.115 0.01)
(0.109 0.115 0.01)
(0.11 0.115 0.01)
(0.101 0.12 0.01)
(0.102 0.12 0.01)
(0.103 0.12 0.01)
(0.104 0.12 0.01)
(0.105 0.12 0.01)
(0.106 0.12 0.01)
(0.107 0.12 0.01)
(0.108 0.12 0.01)
(0.109 0.12 0.01)
(0.11 0.12 0.01)
(0.101 0.125 0.01)
(0.102 0.125 0.01)
(0.103 0.125 0.01)
(0.104 0.125 0.01)
(0.105 0.125 0.01)
(0.106 0.125 0.01)
(0.107 0.125 0.01)
(0.108 0.125 0.01)
(0.109 0.125 0.01)
(0.11 0.125 0.01)
(0.101 0.13 0.01)
(0.102 0.13 0.01)
(0.103 0.13 0.01)
(0.104 0.13 0.01)
(0.105 0.13 0.01)
(0.106 0.13 0.01)
(0.107 0.13 0.01)
(0.108 0.13 0.01)
(0.109 0.13 0.01)
(0.11 0.13 0.01)
(0.101 0.135 0.01)
(0.102 0.135 0.01)
(0.103 0.135 0.01)
(0.104 0.135 0.01)
(0.105 0.135 0.01)
(0.106 0.135 0.01)
(0.107 0.135 0.01)
(0.108 0.135 0.01)
(0.109 0.135 0.01)
(0.11 0.135 0.01)
(0.101 0.14 0.01)
(0.102 0.14 0.01)
(0.103 0.14 0.01)
(0.104 0.14 0.01)
(0.105 0.14 0.01)
(0.106 0.14 0.01)
(0.107 0.14 0.01)
(0.108 0.14 0.01)
(0.109 0.14 0.01)
(0.11 0.14 0.01)
(0.101 0.145 0.01)
(0.102 0.145 0.01)
(0.103 0.145 0.01)
(0.104 0.145 0.01)
(0.105 0.145 0.01)
(0.106 0.145 0.01)
(0.107 0.145 0.01)
(0.108 0.145 0.01)
(0.109 0.145 0.01)
(0.11 0.145 0.01)
(0.101 0.15 0.01)
(0.102 0.15 0.01)
(0.103 0.15 0.01)
(0.104 0.15 0.01)
(0.105 0.15 0.01)
(0.106 0.15 0.01)
(0.107 0.15 0.01)
(0.108 0.15 0.01)
(0.109 0.15 0.01)
(0.11 0.15 0.01)
(0.101 0.155 0.01)
(0.102 0.155 0.01)
(0.103 0.155 0.01)
(0.104 0.155 0.01)
(0.105 0.155 0.01)
(0.106 0.155 0.01)
(0.107 0.155 0.01)
(0.108 0.155 0.01)
(0.109 0.155 0.01)
(0.11 0.155 0.01)
(0.101 0.16 0.01)
(0.102 0.16 0.01)
(0.103 0.16 0.01)
(0.104 0.16 0.01)
(0.105 0.16 0.01)
(0.106 0.16 0.01)
(0.107 0.16 0.01)
(0.108 0.16 0.01)
(0.109 0.16 0.01)
(0.11 0.16 0.01)
(0.101 0.165 0.01)
(0.102 0.165 0.01)
(0.103 0.165 0.01)
(0.104 0.165 0.01)
(0.105 0.165 0.01)
(0.106 0.165 0.01)
(0.107 0.165 0.01)
(0.108 0.165 0.01)
(0.109 0.165 0.01)
(0.11 0.165 0.01)
(0.101 0.17 0.01)
(0.102 0.17 0.01)
(0.103 0.17 0.01)
(0.104 0.17 0.01)
(0.105 0.17 0.01)
(0.106 0.17 0.01)
(0.107 0.17 0.01)
(0.108 0.17 0.01)
(0.109 0.17 0.01)
(0.11 0.17 0.01)
(0.101 0.175 0.01)
(0.102 0.175 0.01)
(0.103 0.175 0.01)
(0.104 0.175 0.01)
(0.105 0.175 0.01)
(0.106 0.175 0.01)
(0.107 0.175 0.01)
(0.108 0.175 0.01)
(0.109 0.175 0.01)
(0.11 0.175 0.01)
(0.101 0.18 0.01)
(0.102 0.18 0.01)
(0.103 0.18 0.01)
(0.104 0.18 0.01)
(0.105 0.18 0.01)
(0.106 0.18 0.01)
(0.107 0.18 0.01)
(0.108 0.18 0.01)
(0.109 0.18 0.01)
(0.11 0.18 0.01)
(0.101 0.185 0.01)
(0.102 0.185 0.01)
(0.103 0.185 0.01)
(0.104 0.185 0.01)
(0.105 0.185 0.01)
(0.106 0.185 0.01)
(0.107 0.185 0.01)
(0.108 0.185 0.01)
(0.109 0.185 0.01)
(0.11 0.185 0.01)
(0.101 0.19 0.01)
(0.102 0.19 0.01)
(0.103 0.19 0.01)
(0.104 0.19 0.01)
(0.105 0.19 0.01)
(0.106 0.19 0.01)
(0.107 0.19 0.01)
(0.108 0.19 0.01)
(0.109 0.19 0.01)
(0.11 0.19 0.01)
(0.101 0.195 0.01)
(0.102 0.195 0.01)
(0.103 0.195 0.01)
(0.104 0.195 0.01)
(0.105 0.195 0.01)
(0.106 0.195 0.01)
(0.107 0.195 0.01)
(0.108 0.195 0.01)
(0.109 0.195 0.01)
(0.11 0.195 0.01)
(0.101 0.2 0.01)
(0.102 0.2 0.01)
(0.103 0.2 0.01)
(0.104 0.2 0.01)
(0.105 0.2 0.01)
(0.106 0.2 0.01)
(0.107 0.2 0.01)
(0.108 0.2 0.01)
(0.109 0.2 0.01)
(0.11 0.2 0.01)
(0.101 0.205 0.01)
(0.102 0.205 0.01)
(0.103 0.205 0.01)
(0.104 0.205 0.01)
(0.105 0.205 0.01)
(0.106 0.205 0.01)
(0.107 0.205 0.01)
(0.108 0.205 0.01)
(0.109 0.205 0.01)
(0.11 0.205 0.01)
(0.101 0.21 0.01)
(0.102 0.21 0.01)
(0.103 0.21 0.01)
(0.104 0.21 0.01)
(0.105 0.21 0.01)
(0.106 0.21 0.01)
(0.107 0.21 0.01)
(0.108 0.21 0.01)
(0.109 0.21 0.01)
(0.11 0.21 0.01)
(0.101 0.215 0.01)
(0.102 0.215 0.01)
(0.103 0.215 0.01)
(0.104 0.215 0.01)
(0.105 0.215 0.01)
(0.106 0.215 0.01)
(0.107 0.215 0.01)
(0.108 0.215 0.01)
(0.109 0.215 0.01)
(0.11 0.215 0.01)
(0.101 0.22 0.01)
(0.102 0.22 0.01)
(0.103 0.22 0.01)
(0.104 0.22 0.01)
(0.105 0.22 0.01)
(0.106 0.22 0.01)
(0.107 0.22 0.01)
(0.108 0.22 0.01)
(0.109 0.22 0.01)
(0.11 0.22 0.01)
(0.101 0.225 0.01)
(0.102 0.225 0.01)
(0.103 0.225 0.01)
(0.104 0.225 0.01)
(0.105 0.225 0.01)
(0.106 0.225 0.01)
(0.107 0.225 0.01)
(0.108 0.225 0.01)
(0.109 0.225 0.01)
(0.11 0.225 0.01)
(0.101 0.23 0.01)
(0.102 0.23 0.01)
(0.103 0.23 0.01)
(0.104 0.23 0.01)
(0.105 0.23 0.01)
(0.106 0.23 0.01)
(0.107 0.23 0.01)
(0.108 0.23 0.01)
(0.109 0.23 0.01)
(0.11 0.23 0.01)
(0.101 0.235 0.01)
(0.102 0.235 0.01)
(0.103 0.235 0.01)
(0.104 0.235 0.01)
(0.105 0.235 0.01)
(0.106 0.235 0.01)
(0.107 0.235 0.01)
(0.108 0.235 0.01)
(0.109 0.235 0.01)
(0.11 0.235 0.01)
(0.101 0.24 0.01)
(0.102 0.24 0.01)
(0.103 0.24 0.01)
(0.104 0.24 0.01)
(0.105 0.24 0.01)
(0.106 0.24 0.01)
(0.107 0.24 0.01)
(0.108 0.24 0.01)
(0.109 0.24 0.01)
(0.11 0.24 0.01)
(0.101 0.245 0.01)
(0.102 0.245 0.01)
(0.103 0.245 0.01)
(0.104 0.245 0.01)
(0.105 0.245 0.01)
(0.106 0.245 0.01)
(0.107 0.245 0.01)
(0.108 0.245 0.01)
(0.109 0.245 0.01)
(0.11 0.245 0.01)
(0.101 0.25 0.01)
(0.102 0.25 0.01)
(0.103 0.25 0.01)
(0.104 0.25 0.01)
(0.105 0.25 0.01)
(0.106 0.25 0.01)
(0.107 0.25 0.01)
(0.108 0.25 0.01)
(0.109 0.25 0.01)
(0.11 0.25 0.01)
(0.101 0.255 0.01)
(0.102 0.255 0.01)
(0.103 0.255 0.01)
(0.104 0.255 0.01)
(0.105 0.255 0.01)
(0.106 0.255 0.01)
(0.107 0.255 0.01)
(0.108 0.255 0.01)
(0.109 0.255 0.01)
(0.11 0.255 0.01)
(0.101 0.26 0.01)
(0.102 0.26 0.01)
(0.103 0.26 0.01)
(0.104 0.26 0.01)
(0.105 0.26 0.01)
(0.106 0.26 0.01)
(0.107 0.26 0.01)
(0.108 0.26 0.01)
(0.109 0.26 0.01)
(0.11 0.26 0.01)
(0.101 0.265 0.01)
(0.102 0.265 0.01)
(0.103 0.265 0.01)
(0.104 0.265 0.01)
(0.105 0.265 0.01)
(0.106 0.265 0.01)
(0.107 0.265 0.01)
(0.108 0.265 0.01)
(0.109 0.265 0.01)
(0.11 0.265 0.01)
(0.101 0.27 0.01)
(0.102 0.27 0.01)
(0.103 0.27 0.01)
(0.104 0.27 0.01)
(0.105 0.27 0.01)
(0.106 0.27 0.01)
(0.107 0.27 0.01)
(0.108 0.27 0.01)
(0.109 0.27 0.01)
(0.11 0.27 0.01)
(0.101 0.275 0.01)
(0.102 0.275 0.01)
(0.103 0.275 0.01)
(0.104 0.275 0.01)
(0.105 0.275 0.01)
(0.106 0.275 0.01)
(0.107 0.275 0.01)
(0.108 0.275 0.01)
(0.109 0.275 0.01)
(0.11 0.275 0.01)
(0.101 0.28 0.01)
(0.102 0.28 0.01)
(0.103 0.28 0.01)
(0.104 0.28 0.01)
(0.105 0.28 0.01)
(0.106 0.28 0.01)
(0.107 0.28 0.01)
(0.108 0.28 0.01)
(0.109 0.28 0.01)
(0.11 0.28 0.01)
(0.101 0.285 0.01)
(0.102 0.285 0.01)
(0.103 0.285 0.01)
(0.104 0.285 0.01)
(0.105 0.285 0.01)
(0.106 0.285 0.01)
(0.107 0.285 0.01)
(0.108 0.285 0.01)
(0.109 0.285 0.01)
(0.11 0.285 0.01)
(0.101 0.29 0.01)
(0.102 0.29 0.01)
(0.103 0.29 0.01)
(0.104 0.29 0.01)
(0.105 0.29 0.01)
(0.106 0.29 0.01)
(0.107 0.29 0.01)
(0.108 0.29 0.01)
(0.109 0.29 0.01)
(0.11 0.29 0.01)
(0.101 0.295 0.01)
(0.102 0.295 0.01)
(0.103 0.295 0.01)
(0.104 0.295 0.01)
(0.105 0.295 0.01)
(0.106 0.295 0.01)
(0.107 0.295 0.01)
(0.108 0.295 0.01)
(0.109 0.295 0.01)
(0.11 0.295 0.01)
(0.101 0.3 0.01)
(0.102 0.3 0.01)
(0.103 0.3 0.01)
(0.104 0.3 0.01)
(0.105 0.3 0.01)
(0.106 0.3 0.01)
(0.107 0.3 0.01)
(0.108 0.3 0.01)
(0.109 0.3 0.01)
(0.11 0.3 0.01)
)


// ************************************************************************* //
