/*--------------------------------*- C++ -*----------------------------------*\
| =========                 |                                                 |
| \\      /  F ield         | OpenFOAM: The Open Source CFD Toolbox           |
|  \\    /   O peration     | Version:  2512                                  |
|   \\  /    A nd           | Website:  www.openfoam.com                      |
|    \\/     M anipulation  |                                                 |
\*---------------------------------------------------------------------------*/
FoamFile
{
    version     2.0;
    format      ascii;
    arch        "LSB;label=32;scalar=64";
    class       labelList;
    location    "constant/basis/polyMesh";
    object      cellRegionAddressing;
}
// * * * * * * * * * * * * * * * * * * * * * * * * * * * * * * * * * * * * * //


16364
(
0
1
2
3
4
5
6
7
8
9
10
11
12
13
14
15
16
17
18
19
20
21
22
23
24
25
26
27
28
29
30
31
32
33
34
35
36
37
38
39
40
41
42
43
44
45
46
47
48
49
50
51
52
53
54
55
56
57
58
59
60
61
62
63
64
65
66
67
68
69
70
71
72
73
74
75
76
77
78
79
80
81
82
83
84
85
86
87
88
89
90
91
92
93
94
95
96
97
98
99
100
101
102
103
104
105
106
107
108
109
110
111
112
113
114
115
116
117
118
119
120
121
122
123
124
125
126
127
128
129
130
131
132
133
134
135
136
137
138
139
140
141
142
143
144
145
146
147
148
149
150
151
152
153
154
155
156
157
158
159
160
161
162
163
164
165
166
167
168
169
170
171
172
173
174
175
176
177
178
179
180
181
182
183
184
185
186
187
188
189
190
191
192
193
194
195
196
197
198
199
200
201
202
203
204
205
206
207
208
209
210
211
212
213
214
215
216
217
218
219
220
221
222
223
224
225
226
227
228
229
230
231
232
233
234
235
236
237
238
239
240
241
242
243
244
245
246
247
248
249
250
251
252
253
254
255
256
257
258
259
260
261
262
263
264
265
266
267
268
269
270
271
272
273
274
275
276
277
278
279
280
281
282
283
284
285
286
287
288
289
290
291
292
293
294
295
296
297
298
299
1500
1501
1502
1507
1508
1509
1514
1515
1516
1521
1522
1523
1528
1529
1530
1535
1536
1537
1542
1543
1544
1549
1550
1551
1556
1557
1558
1563
1564
1565
1570
1571
1572
1577
1578
1579
1584
1585
1586
1591
1592
1593
1598
1599
1600
1605
1606
1607
1612
1613
1614
1619
1620
1621
1626
1627
1628
1633
1634
1635
1640
1641
1642
1647
1648
1649
1654
1655
1656
1661
1662
1663
1668
1669
1670
1675
1676
1677
1682
1683
1684
1689
1690
1691
1696
1697
1698
1703
1704
1705
1710
1711
1712
1717
1718
1719
1724
1725
1726
1731
1732
1733
1738
1739
1740
1745
1746
1747
1752
1753
1754
1759
1760
1761
1766
1767
1768
1773
1774
1775
1780
1781
1782
1788
1789
1793
1794
1795
1796
1801
1802
1803
1808
1809
1810
1815
1816
1817
1822
1823
1824
1829
1830
1831
1836
1837
1838
1843
1844
1845
1850
1851
1852
1857
1858
1859
1864
1865
1866
1872
1873
1877
1878
1879
1880
1885
1886
1887
1893
1894
1898
1899
1900
1901
1906
1907
1908
1914
1915
1919
1920
1921
1922
1927
1928
1929
1935
1936
1940
1941
1942
1943
1948
1949
1950
1956
1957
1961
1962
1963
1964
1969
1970
1971
1977
1978
1982
1983
1984
1985
1990
1991
1992
1998
1999
2003
2004
2005
2006
2011
2012
2013
2018
2019
2020
2025
2026
2027
2032
2033
2034
2039
2040
2041
2046
2047
2048
2053
2054
2055
2060
2061
2062
2067
2068
2069
2074
2075
2076
2082
2083
2087
2089
2090
2094
2096
2097
2101
2103
2104
2108
2110
2111
2115
2117
2118
2122
2124
2125
2129
2131
2132
2136
2138
2139
2143
2145
2146
2150
2152
2153
2157
2158
2159
2160
2432
2433
2437
2439
2440
2444
2460
2461
2465
2467
2468
2472
2488
2489
2493
2495
2496
2500
2516
2517
2521
2523
2524
2528
2544
2545
2549
2551
2552
2556
2572
2573
2577
2579
2580
2584
2600
2601
2605
2607
2608
2612
2628
2629
2633
2635
2636
2640
2656
2657
2661
2663
2664
2668
2684
2685
2689
2691
2692
2696
2712
2713
2717
2719
2720
2724
2740
2741
2745
2761
2762
2766
2768
2769
2773
2789
2790
2794
2810
2811
2815
2817
2818
2822
2838
2839
2843
2859
2860
2864
2866
2867
2871
2887
2888
2892
2908
2909
2913
2915
2916
2920
2936
2937
2941
2957
2958
2962
2964
2965
2969
2985
2986
2990
3006
3007
3011
3013
3014
3018
3034
3035
3039
3055
3056
3060
3062
3063
3067
3083
3084
3088
3104
3105
3109
3111
3112
3116
3132
3133
3137
3153
3154
3158
3174
3175
3179
3195
3196
3200
3216
3217
3221
3237
3238
3242
3258
3259
3263
3279
3280
3284
3300
3301
3305
3321
3322
3326
3342
3343
3347
3362
3363
3364
3369
3370
3371
3376
3377
3378
3383
3384
3385
3390
3391
3392
3397
3398
3399
3404
3405
3406
3411
3412
3413
3418
3419
3420
3425
3426
3427
3432
3433
3434
3439
3440
3441
3446
3447
3448
3453
3454
3455
3460
3461
3462
3467
3468
3469
3474
3475
3476
3481
3482
3483
3488
3489
3490
3495
3496
3497
3502
3503
3504
3509
3510
3511
3516
3517
3518
3523
3524
3525
3530
3531
3532
3537
3538
3539
3544
3545
3546
3551
3552
3553
3558
3559
3560
3565
3566
3567
3572
3573
3574
3579
3580
3581
3586
3587
3588
3593
3594
3595
3600
3601
3602
3607
3608
3609
3614
3615
3616
3621
3622
3623
3628
3629
3630
3635
3636
3637
3642
3643
3644
3649
3650
3651
3656
3657
3658
3663
3664
3665
3670
3671
3672
3677
3678
3679
3685
3686
3690
3692
3693
3697
3699
3700
3704
3706
3707
3711
3713
3714
3718
3720
3721
3725
3727
3728
3732
3734
3735
3739
3741
3742
3746
3748
3749
3753
3755
3756
3760
3762
3763
3767
3768
3772
3774
3775
3776
3777
3782
3783
3784
3790
3791
3795
3796
3797
3798
3799
3800
3801
3802
3803
3804
3809
3810
3814
3816
3817
3821
3823
3824
3828
3830
3831
3835
3837
3838
3842
3844
3845
3849
3851
3852
3856
3858
3859
3863
3865
3867
3868
3872
3873
3877
3879
3880
3881
3882
3887
3888
3889
3895
3896
3900
3901
3902
3903
3904
3905
3906
3907
3908
3909
3910
3915
3916
3917
3922
3923
3924
3929
3930
3931
3936
3937
3938
3943
3944
3945
3950
3951
3952
3957
3958
3959
3964
3965
3966
3972
3973
3977
3978
3982
3984
3985
3986
3987
3992
3993
3994
4000
4001
4005
4006
4007
4008
4009
4010
4011
4012
4013
4014
4015
4020
4021
4022
4027
4028
4029
4034
4035
4036
4041
4042
4043
4048
4049
4050
4055
4056
4057
4062
4063
4064
4069
4070
4071
4077
4078
4082
4083
4087
4089
4090
4091
4092
4097
4098
4099
4105
4106
4110
4111
4112
4113
4114
4115
4116
4117
4118
4119
4120
4125
4126
4127
4132
4133
4134
4139
4140
4141
4146
4147
4148
4153
4154
4155
4160
4161
4162
4167
4168
4169
4174
4175
4176
4182
4183
4187
4188
4192
4194
4195
4196
4197
4202
4203
4204
4210
4211
4215
4216
4217
4218
4219
4220
4221
4222
4223
4224
4225
4230
4231
4232
4237
4238
4239
4244
4245
4246
4251
4252
4253
4258
4259
4260
4265
4266
4267
4272
4273
4274
4279
4280
4281
4287
4288
4292
4293
4297
4299
4300
4301
4302
4307
4308
4309
4315
4316
4320
4321
4322
4323
4324
4325
4326
4327
4328
4329
4330
4335
4336
4337
4342
4343
4344
4349
4350
4351
4356
4357
4358
4363
4364
4365
4370
4371
4372
4377
4378
4379
4384
4385
4386
4392
4393
4397
4398
4402
4404
4405
4406
4407
4412
4413
4414
4420
4421
4425
4426
4427
4428
4429
4430
4431
4432
4433
4434
4435
4440
4441
4442
4447
4448
4449
4454
4455
4456
4461
4462
4463
4468
4469
4470
4475
4476
4477
4482
4483
4484
4489
4490
4491
4497
4498
4502
4503
4507
4509
4510
4511
4512
4517
4518
4519
4525
4526
4530
4531
4532
4533
4534
4535
4536
4537
4538
4542
4544
4546
4547
4551
4553
4554
4558
4560
4561
4565
4567
4568
4572
4574
4575
4579
4581
4582
4586
4588
4589
4593
4595
4596
4600
4602
4603
4607
4608
4612
4614
4615
4616
4617
4622
4623
4624
4630
4631
4635
4636
4637
4638
4639
4640
4641
4642
4643
4644
4645
4646
4647
4648
4649
4650
4651
4652
4653
4654
4655
4656
4657
4658
4659
4660
4661
4662
4663
4664
4665
4666
4667
4668
4669
4670
4671
4672
4673
4674
4675
4676
4677
4678
4679
4680
4681
4682
4683
4684
4685
4686
4687
4688
4689
4690
4691
4692
4693
4694
4695
4696
4697
4698
4699
4700
4701
4702
4703
4704
4705
4706
4710
4712
4713
4714
4715
4720
4721
4722
4727
4728
4729
4734
4735
4736
4741
4742
4743
4748
4749
4750
4755
4756
4757
4762
4763
4764
4769
4770
4771
4776
4777
4778
4783
4784
4785
4790
4791
4792
4797
4798
4799
4804
4805
4806
4811
4812
4813
4818
4819
4820
4825
4826
4827
4832
4833
4834
4839
4840
4841
4846
4847
4848
4853
4854
4855
4860
4861
4862
4867
4868
4869
4874
4875
4876
4881
4882
4883
4888
4889
4890
4895
4896
4897
4902
4903
4904
4909
4910
4911
4916
4917
4918
4923
4924
4925
4930
4931
4932
4937
4938
4939
4944
4945
4946
4951
4952
4953
4958
4959
4960
4965
4966
4967
4972
4973
4974
4979
4980
4981
4986
4987
4988
4993
4994
4995
5000
5001
5002
5007
5008
5009
5014
5015
5016
5021
5022
5023
5028
5029
5030
5035
5036
5037
5042
5043
5044
5049
5050
5051
5056
5057
5058
5063
5064
5065
5070
5071
5072
5077
5078
5079
5084
5085
5086
5091
5092
5093
5098
5099
5100
5105
5106
5107
5112
5113
5114
5119
5120
5121
5126
5127
5128
5133
5134
5135
5140
5141
5142
5147
5148
5149
5154
5155
5156
5161
5162
5163
5168
5169
5170
5175
5176
5177
5182
5183
5184
5189
5190
5191
5196
5197
5198
5203
5204
5205
5210
5211
5212
5217
5218
5219
5224
5225
5226
5231
5232
5233
5238
5239
5240
5245
5246
5247
5252
5253
5254
5259
5260
5261
5266
5267
5268
5273
5274
5275
5280
5281
5282
5287
5288
5289
5294
5295
5296
5301
5302
5303
5308
5309
5310
5315
5316
5317
5322
5323
5324
5329
5330
5331
5336
5337
5338
5343
5344
5345
5350
5351
5352
5357
5358
5359
5364
5365
5366
5371
5372
5373
5378
5379
5380
5385
5386
5387
5392
5393
5394
5399
5400
5401
5406
5407
5408
5413
5414
5415
5420
5421
5422
5427
5428
5429
5434
5435
5436
5441
5442
5443
5448
5449
5450
6128
6129
6133
6134
6135
6136
6137
6138
6139
6140
6142
6143
6147
6148
6149
6150
6151
6152
6153
6154
6155
6156
6157
6158
6159
6160
6161
6163
6164
6168
6169
6170
6171
6172
6173
6174
6175
6176
6177
6178
6179
6180
6181
6182
6184
6185
6189
6190
6191
6192
6193
6194
6195
6196
6197
6198
6199
6200
6201
6202
6203
6205
6206
6210
6211
6212
6213
6214
6215
6216
6217
6218
6219
6220
6221
6222
6223
6224
6226
6227
6231
6232
6233
6234
6235
6236
6237
6238
6239
6240
6241
6242
6243
6244
6245
6247
6248
6252
6253
6254
6255
6256
6257
6258
6259
6260
6261
6262
6263
6264
6265
6266
6268
6269
6273
6274
6275
6276
6277
6278
6279
6280
6281
6282
6283
6284
6285
6286
6287
6289
6290
6294
6295
6296
6297
6298
6299
6300
6301
6302
6303
6304
6305
6306
6307
6308
6310
6311
6315
6316
6317
6318
6319
6320
6321
6322
6323
6324
6325
6326
6327
6328
6329
6331
6332
6336
6337
6338
6339
6340
6341
6342
6343
6345
6346
6350
6351
6352
6353
6354
6355
6356
6357
6359
6360
6364
6393
6394
6395
6396
6397
6398
6399
6401
6402
6406
6407
6408
6409
6410
6411
6412
6413
6443
6444
6448
6449
6450
6451
6452
6453
6454
6455
6457
6458
6462
6491
6492
6493
6494
6495
6496
6497
6499
6500
6504
6505
6506
6507
6508
6509
6510
6511
6541
6542
6546
6547
6548
6549
6550
6551
6552
6553
6555
6556
6560
6589
6590
6591
6592
6593
6594
6595
6597
6598
6602
6603
6604
6605
6606
6607
6608
6609
6639
6640
6644
6645
6646
6647
6648
6649
6650
6651
6653
6654
6658
6687
6688
6689
6690
6691
6692
6693
6695
6696
6700
6701
6702
6703
6704
6705
6706
6707
6737
6738
6742
6743
6744
6745
6746
6747
6748
6749
6751
6752
6756
6785
6786
6787
6788
6789
6790
6791
6793
6794
6798
6799
6800
6801
6802
6803
6804
6805
6835
6836
6840
6841
6842
6843
6844
6845
6846
6847
6849
6850
6854
6883
6884
6885
6886
6887
6888
6889
6891
6892
6896
6897
6898
6899
6900
6901
6902
6903
6933
6934
6938
6939
6940
6941
6942
6943
6944
6945
6947
6948
6952
6981
6982
6983
6984
6985
6986
6987
6989
6990
6994
6995
6996
6997
6998
6999
7000
7001
7031
7032
7036
7037
7038
7039
7040
7041
7042
7043
7045
7046
7050
7079
7080
7081
7082
7083
7084
7085
7087
7088
7092
7093
7094
7095
7096
7097
7098
7099
7128
7129
7130
7131
7132
7133
7134
7136
7137
7141
7143
7144
7148
7149
7150
7151
7152
7153
7154
7155
7157
7158
7162
7164
7165
7169
7170
7171
7172
7173
7174
7175
7176
7178
7179
7183
7185
7186
7190
7191
7192
7193
7194
7195
7196
7197
7199
7200
7204
7206
7207
7211
7212
7213
7214
7215
7216
7217
7218
7220
7221
7225
7227
7228
7232
7233
7234
7235
7236
7237
7238
7239
7241
7242
7246
7248
7249
7253
7254
7255
7256
7257
7258
7259
7260
7262
7263
7267
7269
7270
7274
7275
7276
7277
7278
7279
7280
7281
7283
7284
7288
7290
7291
7295
7296
7297
7298
7299
7300
7301
7302
7304
7305
7309
7311
7312
7316
7317
7318
7319
7320
7321
7322
7323
7325
7326
7330
7332
7333
7337
7339
7340
7344
7346
7347
7351
7352
7356
7358
7360
7361
7365
7366
7370
7372
7374
7375
7379
7380
7384
7386
7388
7389
7393
7394
7398
7400
7402
7403
7407
7408
7412
7414
7436
7437
7438
7439
7440
7441
7442
7443
7444
7445
7446
7447
7448
7449
7471
7472
7473
7474
7475
7476
7477
7478
7482
7484
7485
7489
7491
7493
7494
7498
7527
7531
7533
7535
7536
7540
7542
7543
7547
7576
7580
7582
7584
7585
7589
7591
7592
7596
7625
7629
7631
7633
7634
7638
7640
7641
7645
7674
7678
7680
7682
7683
7687
7689
7690
7694
7723
7727
7729
7731
7732
7736
7738
7739
7743
7772
7776
7778
7780
7781
7785
7787
7788
7792
7821
7825
7827
7829
7830
7834
7836
7837
7841
7870
7871
7876
7878
7879
7883
7884
7888
7890
7920
7921
7925
7926
7930
7932
7934
7935
7939
7954
7958
7960
7962
7963
7967
7968
7972
7974
7996
7997
7998
7999
8000
8001
8002
8003
8004
8005
8006
8007
8008
8009
8031
8032
8033
8034
8035
8036
8037
8039
8040
8044
8045
8049
8051
8053
8054
8058
8073
8077
8079
8081
8082
8086
8087
8091
8093
8115
8116
8117
8118
8119
8120
8121
8122
8123
8124
8125
8126
8127
8128
8150
8151
8152
8153
8154
8155
8156
8158
8159
8163
8164
8168
8170
8172
8173
8177
8192
8196
8198
8200
8201
8205
8206
8210
8212
8234
8235
8236
8237
8238
8239
8240
8241
8242
8243
8244
8245
8246
8247
8269
8270
8271
8272
8273
8274
8275
8277
8278
8282
8283
8287
8289
8291
8292
8296
8311
8315
8317
8319
8320
8324
8325
8329
8331
8353
8354
8355
8356
8357
8358
8359
8360
8361
8362
8363
8364
8365
8366
8388
8389
8390
8391
8392
8393
8394
8396
8397
8401
8402
8406
8408
8410
8411
8415
8430
8434
8436
8438
8439
8443
8444
8448
8450
8472
8473
8474
8475
8476
8477
8478
8479
8480
8481
8482
8483
8484
8485
8507
8508
8509
8510
8511
8512
8513
8515
8516
8520
8521
8525
8527
8529
8530
8534
8549
8553
8555
8557
8558
8562
8563
8567
8569
8591
8592
8593
8594
8595
8596
8597
8598
8599
8600
8601
8602
8603
8604
8626
8627
8628
8629
8630
8631
8632
8634
8635
8639
8640
8644
8646
8648
8649
8653
8668
8672
8674
8676
8677
8681
8682
8686
8688
8710
8711
8712
8713
8714
8715
8716
8717
8718
8719
8720
8721
8722
8723
8745
8746
8747
8748
8749
8750
8751
8753
8754
8758
8759
8760
8765
8766
8770
8772
8802
8803
8807
8808
8812
8814
8815
8819
8821
8851
8852
8856
8857
8861
8863
8864
8868
8870
8900
8901
8905
8906
8910
8912
8913
8917
8919
8949
8950
8954
8955
8959
8961
8962
8966
8968
8998
8999
9003
9004
9008
9010
9011
9015
9017
9047
9048
9052
9053
9057
9059
9060
9064
9066
9096
9097
9101
9102
9106
9108
9109
9113
9115
9144
9148
9150
9151
9155
9157
9158
9159
9164
9194
9195
9199
9200
9204
9206
9208
9209
9213
9228
9232
9234
9236
9237
9241
9242
9246
9248
9263
9264
9265
9266
9267
9268
9269
9284
9285
9286
9287
9288
9289
9290
9305
9306
9307
9308
9309
9310
9311
9326
9327
9328
9329
9330
9331
9332
9347
9348
9349
9350
9351
9352
9353
9368
9369
9370
9371
9372
9373
9374
9389
9390
9391
9392
9393
9394
9395
9410
9411
9412
9413
9414
9415
9416
9431
9432
9433
9434
9435
9436
9437
9452
9453
9454
9455
9456
9457
9458
9474
9475
9479
9480
9484
9486
9488
9489
9493
9676
9677
9678
9679
9680
9681
9682
9711
9712
9713
9714
9715
9716
9717
9732
9733
9734
9735
9736
9737
9738
9781
9782
9783
9784
9785
9786
9787
9802
9803
9804
9805
9806
9807
9808
9851
9852
9853
9854
9855
9856
9857
9872
9873
9874
9875
9876
9877
9878
9921
9922
9923
9924
9925
9926
9927
9942
9943
9944
9945
9946
9947
9948
9991
9992
9993
9994
9995
9996
9997
10012
10013
10014
10015
10016
10017
10018
10061
10062
10063
10064
10065
10066
10067
10082
10083
10084
10085
10086
10087
10088
10131
10132
10133
10134
10135
10136
10137
10152
10153
10154
10155
10156
10157
10158
10201
10202
10203
10204
10205
10206
10207
10222
10223
10224
10225
10226
10227
10228
10271
10272
10273
10274
10275
10276
10277
10292
10293
10294
10295
10296
10297
10298
10341
10342
10343
10344
10345
10346
10347
10397
10398
10399
10400
10401
10402
10403
10404
10405
10406
10407
10408
10409
10410
10432
10433
10434
10435
10436
10437
10438
10495
10496
10497
10498
10499
10500
10501
10502
10503
10504
10505
10506
10507
10508
10530
10531
10532
10533
10534
10535
10536
10544
10545
10546
10547
10548
10549
10550
10551
10552
10553
10554
10555
10556
10557
10579
10580
10581
10582
10583
10584
10585
10642
10643
10644
10645
10646
10647
10648
10649
10650
10651
10652
10653
10654
10655
10677
10678
10679
10680
10681
10682
10683
10733
10734
10735
10736
10737
10738
10739
10740
10741
10742
10743
10744
10745
10746
10768
10769
10770
10771
10772
10773
10774
10782
10783
10784
10785
10786
10787
10788
10789
10790
10791
10792
10793
10794
10795
10817
10818
10819
10820
10821
10822
10823
10873
10874
10875
10876
10877
10878
10879
10880
10881
10882
10883
10884
10885
10886
10908
10909
10910
10911
10912
10913
10914
10964
10965
10966
10967
10968
10969
10970
10971
10972
10973
10974
10975
10976
10977
10999
11000
11001
11002
11003
11004
11005
11013
11014
11015
11016
11017
11018
11019
11020
11021
11022
11023
11024
11025
11026
11048
11049
11050
11051
11052
11053
11054
11104
11105
11106
11107
11108
11109
11110
11111
11112
11113
11114
11115
11116
11117
11139
11140
11141
11142
11143
11144
11145
11195
11196
11197
11198
11199
11200
11201
11202
11203
11204
11205
11206
11207
11208
11230
11231
11232
11233
11234
11235
11236
11244
11245
11246
11247
11248
11249
11250
11251
11252
11253
11254
11255
11256
11257
11279
11280
11281
11282
11283
11284
11285
11335
11336
11337
11338
11339
11340
11341
11342
11343
11344
11345
11346
11347
11348
11370
11371
11372
11373
11374
11375
11376
11426
11427
11428
11429
11430
11431
11432
11433
11434
11435
11436
11437
11438
11439
11461
11462
11463
11464
11465
11466
11467
11475
11476
11477
11478
11479
11480
11481
11482
11483
11484
11485
11486
11487
11488
11510
11511
11512
11513
11514
11515
11516
11566
11567
11568
11569
11570
11571
11572
11573
11574
11575
11576
11577
11578
11579
11601
11602
11603
11604
11605
11606
11607
11657
11658
11659
11660
11661
11662
11663
11664
11665
11666
11667
11668
11669
11670
11692
11693
11694
11695
11696
11697
11698
11706
11707
11708
11709
11710
11711
11712
11713
11714
11715
11716
11717
11718
11719
11741
11742
11743
11744
11745
11746
11747
11797
11798
11799
11800
11801
11802
11803
11804
11805
11806
11807
11808
11809
11810
11832
11833
11834
11835
11836
11837
11838
11888
11889
11890
11891
11892
11893
11894
11895
11896
11897
11898
11899
11900
11901
11923
11924
11925
11926
11927
11928
11929
11937
11938
11939
11940
11941
11942
11943
11944
11945
11946
11947
11948
11949
11950
11972
11973
11974
11975
11976
11977
11978
12028
12029
12030
12031
12032
12033
12034
12035
12036
12037
12038
12039
12040
12041
12063
12064
12065
12066
12067
12068
12069
12126
12127
12128
12129
12130
12131
12132
12133
12134
12135
12136
12137
12138
12139
12161
12162
12163
12164
12165
12166
12167
12175
12176
12177
12178
12179
12180
12181
12182
12183
12184
12185
12186
12187
12188
12210
12211
12212
12213
12214
12215
12216
12266
12267
12268
12269
12270
12271
12272
12287
12288
12289
12290
12291
12292
12293
12308
12309
12310
12311
12312
12313
12314
12329
12330
12331
12332
12333
12334
12335
12350
12351
12352
12353
12354
12355
12356
12371
12372
12373
12374
12375
12376
12377
12392
12393
12394
12395
12396
12397
12398
12413
12414
12415
12416
12417
12418
12419
12434
12435
12436
12437
12438
12439
12440
12455
12456
12457
12458
12459
12460
12461
12491
12492
12496
12498
12499
12503
12505
12506
12510
12512
12513
12517
12519
12520
12524
12526
12527
12531
12533
12534
12538
12540
12541
12545
12547
12548
12552
12554
12555
12559
12561
12562
12566
12568
12569
12573
12575
12576
12580
12582
12583
12587
12589
12590
12594
12596
12597
12601
12603
12604
12608
12610
12611
12615
12617
12618
12622
12624
12625
12629
12631
12632
12636
12638
12639
12643
12645
12646
12650
12652
12653
12657
12659
12660
12664
12666
12667
12671
12673
12674
12678
12680
12681
12685
12687
12688
12692
12694
12695
12699
12701
12702
12706
12708
12709
12713
12715
12716
12720
12722
12723
12727
12729
12730
12734
12736
12737
12741
12743
12744
12748
12750
12751
12755
12757
12758
12762
12764
12765
12769
12771
12772
12776
12778
12779
12783
12785
12786
12790
12792
12793
12797
12799
12800
12804
12806
12807
12811
12812
12816
12818
12820
12821
12825
12826
12827
12828
12829
12830
12831
12832
12833
12834
12835
12836
12837
12838
12839
12840
12841
12842
12843
12844
12845
12846
12847
12848
12849
12850
12851
12852
12853
12854
12855
12856
12857
12858
12859
12860
12861
12862
12863
12864
12865
12866
12867
12868
12869
12870
12871
12872
12873
12874
12875
12876
12877
12878
12879
12880
12881
12882
12883
12884
12885
12886
12887
12888
12889
12890
12891
12892
12893
12894
12895
12896
12900
12902
12904
12905
12909
12910
12913
12916
12917
12921
12923
12924
12928
12930
12931
12935
12937
12938
12942
12944
12945
12949
12951
12952
12956
12958
12959
12963
12965
12966
12970
12972
12973
12974
12975
12976
12977
12978
12979
12980
12984
12986
12988
12989
12993
12994
12998
13000
13002
13003
13007
13009
13010
13014
13016
13017
13021
13023
13024
13028
13030
13031
13035
13037
13038
13042
13044
13045
13049
13051
13052
13056
13057
13058
13059
13060
13061
13062
13063
13064
13068
13070
13072
13073
13077
13078
13082
13084
13086
13087
13091
13093
13094
13098
13100
13101
13105
13107
13108
13112
13114
13115
13119
13121
13122
13126
13128
13129
13133
13135
13136
13140
13141
13142
13143
13144
13145
13146
13147
13148
13152
13154
13156
13157
13161
13162
13166
13168
13170
13171
13175
13177
13178
13182
13184
13185
13189
13191
13192
13196
13198
13199
13203
13205
13206
13210
13212
13213
13217
13219
13220
13224
13225
13226
13227
13228
13229
13230
13231
13232
13236
13238
13240
13241
13245
13246
13250
13252
13254
13255
13259
13261
13262
13266
13268
13269
13273
13275
13276
13280
13282
13283
13287
13289
13290
13294
13296
13297
13301
13303
13304
13308
13309
13310
13311
13312
13313
13314
13315
13316
13320
13322
13324
13325
13329
13330
13334
13336
13338
13339
13343
13345
13346
13350
13352
13353
13357
13359
13360
13364
13366
13367
13371
13373
13374
13378
13380
13381
13385
13387
13388
13392
13393
13394
13395
13396
13397
13398
13399
13400
13404
13406
13408
13409
13413
13414
13415
13416
13417
13418
13419
13420
13421
13422
13423
13424
13425
13426
13427
13428
13429
13430
13431
13432
13433
13434
13435
13436
13437
13438
13439
13440
13441
13442
13443
13444
13445
13446
13447
13448
13449
13450
13451
13452
13453
13454
13455
13456
13457
13458
13459
13460
13461
13462
13463
13464
13465
13466
13467
13468
13469
13470
13471
13472
13473
13474
13475
13476
13477
13478
13479
13480
13481
13482
13483
13484
13488
13490
13492
13493
13497
13498
13502
13504
13506
13507
13511
13512
13516
13518
13519
13523
13525
13526
13530
13532
13533
13537
13539
13540
13544
13546
13547
13551
13553
13554
13558
13560
13561
13565
13567
13568
13572
13574
13575
13579
13581
13582
13586
13588
13589
13593
13595
13597
13600
13602
13605
13606
13609
13611
13612
13616
13618
13619
13623
13625
13626
13630
13632
13633
13637
13639
13640
13644
13646
13647
13651
13653
13654
13658
13660
13661
13665
13667
13668
13672
13674
13675
13679
13681
13682
13686
13688
13689
13693
13695
13696
13700
13702
13703
13707
13709
13710
13714
13716
13717
13721
13723
13724
13728
13730
13731
13735
13737
13738
13742
13744
13745
13749
13751
13752
13756
13758
13759
13763
13765
13766
13770
13772
13773
13777
13779
13780
13784
13786
13787
13791
13793
13794
13798
13800
13801
13805
13807
13808
13812
13814
13815
13819
13821
13822
13826
13828
13829
13833
13835
13836
13840
13842
13843
13847
13849
13850
13854
13856
13857
13861
13863
13864
13868
13870
13871
13875
13877
13878
13882
13884
13885
13889
13891
13892
13896
13898
13899
13903
13905
13906
13910
13912
13913
13917
13919
13920
13924
13926
13927
13931
13933
13934
13938
13940
13941
13945
13947
13948
13952
13954
13955
13959
13961
13962
13966
13968
13969
13973
13975
13976
13980
13982
13983
13987
13989
13990
13994
13996
13997
14001
14003
14004
14008
14010
14011
14015
14017
14018
14022
14024
14025
14029
14031
14032
14036
14038
14039
14043
14045
14046
14050
14052
14053
14057
14059
14060
14064
14066
14067
14071
14073
14074
14078
14080
14081
14085
14087
14088
14092
14094
14095
14099
14101
14102
14106
14108
14109
14113
14115
14116
14120
14122
14123
14127
14129
14130
14134
14136
14137
14141
14143
14144
14148
14150
14151
14155
14157
14158
14162
14164
14165
14169
14171
14172
14176
14178
14179
14183
14185
14186
14190
14192
14193
14197
14199
14200
14204
14206
14207
14211
14213
14214
14218
14220
14221
14225
14227
14228
14232
14234
14235
14239
14268
14269
14270
14271
14272
14273
14274
14275
14276
14277
14278
14279
14280
14281
14282
14283
14284
14285
14286
14287
14288
14289
14290
14291
14292
14293
14294
14295
14296
14297
14298
14299
14300
14301
14302
14303
14304
14305
14306
14307
14308
14309
14310
14311
14312
14313
14314
14315
14316
14317
14318
14319
14320
14321
14322
14323
14324
14325
14326
14327
14328
14329
14330
14331
14332
14333
14334
14335
14336
14337
14338
14339
14340
14341
14342
14343
14344
14345
14346
14347
14348
14349
14350
14351
14352
14353
14354
14355
14356
14357
14358
14359
14360
14361
14362
14363
14364
14365
14366
14367
14368
14369
14370
14371
14372
14373
14374
14375
14376
14377
14378
14379
14380
14381
14382
14383
14384
14385
14386
14387
14388
14389
14390
14391
14392
14393
14394
14395
14396
14397
14398
14399
14400
14401
14402
14403
14404
14405
14406
14407
14408
14409
14410
14411
14412
14413
14414
14415
14416
14417
14418
14419
14420
14421
14422
14423
14424
14425
14426
14427
14428
14429
14430
14431
14432
14433
14434
14435
14436
14437
14438
14439
14440
14441
14442
14443
14444
14445
14446
14447
14448
14449
14464
14465
14466
14467
14468
14469
14470
14471
14472
14473
14474
14475
14476
14477
14478
14479
14480
14481
14482
14483
14484
14485
14486
14487
14488
14489
14490
14491
14492
14493
14494
14495
14496
14497
14498
14499
14500
14501
14502
14503
14504
14505
14506
14507
14508
14509
14510
14511
14512
14513
14514
14515
14516
14517
14518
14519
14520
14521
14522
14523
14524
14525
14526
14527
14528
14529
14530
14531
14532
14533
14534
14535
14536
14537
14538
14539
14540
14541
14542
14543
14544
14545
14546
14547
14548
14549
14550
14551
14552
14553
14554
14555
14556
14557
14558
14559
14560
14561
14562
14563
14564
14565
14566
14567
14568
14569
14570
14571
14572
14573
14574
14575
14576
14577
14578
14579
14580
14581
14582
14583
14584
14585
14586
14587
14588
14589
14590
14591
14592
14593
14594
14595
14596
14597
14598
14599
14600
14601
14602
14603
14604
14605
14606
14607
14608
14609
14610
14611
14612
14613
14614
14615
14616
14617
14618
14619
14620
14621
14622
14623
14624
14625
14626
14627
14628
14629
14630
14631
14632
14633
14634
14635
14636
14637
14638
14639
14640
14641
14642
14643
14644
14645
14646
14647
14648
14649
14650
14651
14652
14653
14654
14655
14656
14657
14658
14659
14660
14661
14662
14663
14664
14665
14666
14667
14668
14669
14670
14671
14672
14673
14674
14675
14676
14677
14678
14679
14680
14681
14682
14683
14684
14685
14686
14687
14688
14689
14690
14691
14692
14693
14694
14695
14696
14697
14698
14699
14700
14701
14702
14703
14704
14705
14706
14707
14708
14709
14710
14711
14712
14713
14714
14715
14716
14717
14718
14719
14720
14721
14722
14723
14724
14725
14726
14727
14728
14729
14730
14731
14732
14733
14734
14735
14736
14737
14738
14739
14740
14741
14742
14743
14744
14745
14746
14747
14748
14749
14750
14751
14752
14753
14754
14755
14756
14757
14758
14759
14760
14761
14762
14763
14764
14765
14766
14767
14768
14769
14770
14771
14772
14773
14774
14775
14776
14777
14778
14779
14780
14781
14782
14783
14784
14785
14786
14787
14788
14789
14790
14791
14792
14793
14794
14795
14796
14797
14798
14799
14800
14801
14802
14803
14804
14805
14806
14807
14808
14809
14810
14811
14812
14813
14814
14815
14816
14817
14818
14819
14820
14821
14822
14823
14824
14825
14826
14827
14828
14829
14830
14831
14832
14833
14834
14835
14836
14837
14838
14839
14840
14841
14856
14857
14858
14859
14860
14861
14862
14877
14878
14879
14880
14881
14882
14883
14913
14914
14918
14920
14921
14925
14927
14928
14932
14934
14935
14939
14941
14942
14946
14948
14949
14953
14955
14956
14960
14962
14963
14967
14969
14970
14974
14976
14977
14981
14983
14984
14988
14990
14991
14995
14997
14998
15002
15004
15005
15009
15011
15012
15016
15018
15019
15023
15025
15026
15030
15032
15033
15037
15039
15040
15044
15046
15047
15051
15053
15054
15058
15060
15061
15065
15067
15068
15072
15074
15075
15079
15081
15082
15086
15088
15089
15093
15095
15096
15100
15102
15103
15107
15109
15110
15114
15116
15117
15121
15123
15124
15128
15130
15131
15135
15137
15138
15142
15144
15145
15149
15151
15152
15156
15158
15159
15163
15165
15166
15170
15172
15173
15177
15179
15180
15184
15186
15187
15191
15193
15194
15198
15200
15201
15205
15207
15208
15212
15214
15215
15219
15221
15222
15226
15228
15229
15233
15235
15236
15240
15242
15243
15247
15249
15250
15254
15256
15257
15261
15263
15264
15268
15270
15271
15275
15277
15278
15282
15284
15285
15289
15291
15292
15296
15298
15299
15303
15305
15306
15310
15312
15313
15317
15319
15320
15324
15326
15327
15331
15333
15334
15338
15340
15341
15345
15347
15348
15352
15354
15355
15359
15361
15362
15366
15368
15369
15373
15375
15376
15380
15382
15383
15387
15389
15390
15394
15396
15397
15401
15403
15404
15408
15410
15411
15415
15417
15418
15422
15424
15425
15429
15431
15432
15436
15438
15439
15443
15445
15446
15450
15452
15453
15457
15459
15460
15464
15466
15467
15471
15473
15474
15478
15480
15481
15485
15487
15488
15492
15494
15495
15499
15501
15502
15506
15508
15509
15513
15515
15516
15520
15522
15523
15527
15529
15530
15534
15536
15537
15541
15543
15544
15548
15550
15551
15555
15558
15559
15562
15564
15565
15569
15570
15574
15576
15578
15581
15583
15585
15586
15590
15591
15595
15597
15598
15602
15604
15606
15607
15611
15612
15616
15618
15619
15623
15625
15627
15628
15632
15633
15637
15639
15640
15644
15646
15648
15649
15653
15654
15658
15660
15661
15665
15667
15669
15670
15674
15675
15679
15681
15682
15686
15688
15690
15691
15695
15696
15700
15702
15703
15707
15709
15711
15712
15716
15717
15721
15723
15724
15728
15730
15732
15733
15737
15738
15742
15744
15745
15749
15751
15753
15754
15758
15759
15763
15765
15766
15770
15772
15774
15775
15779
15780
15784
15786
15787
15791
15793
15795
15796
15800
15801
15805
15807
15808
15812
15814
15816
15817
15821
15823
15826
15828
15829
15833
15835
15837
15838
15842
15845
15846
15849
15851
15852
15856
15857
15861
15863
15865
15866
15870
15871
15875
15877
15879
15880
15884
15885
15889
15891
15893
15894
15898
15899
15903
15905
15907
15908
15912
15913
15917
15919
15920
15921
15922
15923
15924
15925
15926
15927
15928
15929
15930
15931
15932
15933
15962
15963
15964
15965
15966
15967
15968
15969
15970
15971
15972
15973
15974
15975
15997
15998
15999
16000
16001
16002
16003
16011
16012
16013
16014
16015
16016
16017
16018
16019
16020
16021
16022
16023
16024
16046
16047
16048
16049
16050
16051
16052
16060
16061
16062
16063
16064
16065
16066
16067
16068
16069
16070
16071
16072
16073
16095
16096
16097
16098
16099
16100
16101
16109
16110
16111
16112
16113
16114
16115
16116
16117
16118
16119
16120
16121
16122
16144
16145
16146
16147
16148
16149
16150
16158
16159
16160
16161
16162
16163
16164
16165
16166
16167
16168
16169
16170
16171
16193
16194
16195
16196
16197
16198
16199
16207
16208
16209
16210
16211
16212
16213
16214
16215
16216
16217
16218
16219
16220
16242
16243
16244
16245
16246
16247
16248
16256
16257
16258
16259
16260
16261
16262
16263
16264
16265
16266
16267
16268
16269
16291
16292
16293
16294
16295
16296
16297
16305
16306
16307
16308
16309
16310
16311
16312
16313
16314
16315
16316
16317
16318
16340
16341
16342
16343
16344
16345
16346
16354
16355
16356
16357
16358
16359
16360
16368
16369
16370
16371
16372
16373
16374
16375
16376
16377
16378
16379
16380
16381
16403
16404
16405
16406
16407
16408
16409
16411
16412
16416
16417
16421
16423
16425
16426
16430
16431
16435
16437
16439
16440
16444
16445
16449
16451
16452
16456
16458
16459
16463
16465
16467
16468
16472
16501
16505
16507
16509
16510
16514
16516
16517
16521
16550
16554
16556
16558
16559
16563
16565
16566
16570
16599
16603
16605
16607
16608
16612
16614
16615
16619
16648
16652
16654
16656
16657
16661
16663
16664
16668
16697
16701
16703
16705
16706
16710
16712
16713
16717
16746
16750
16752
16754
16755
16759
16761
16762
16766
16795
16799
16801
16803
16804
16808
16810
16811
16815
16844
16847
16850
16852
16853
16857
16858
16862
16864
16900
16901
16902
16903
16904
16905
16906
16907
16908
16909
16910
16911
16912
16913
16935
16936
16937
16938
16939
16940
16941
16943
16944
16948
16949
16953
16955
16957
16958
16962
16963
16967
16969
16971
16972
16976
16977
16981
16983
16985
16986
16990
16991
16995
16997
16999
17000
17004
17034
17035
17039
17041
17042
17046
17048
17049
17053
17083
17084
17088
17090
17091
17095
17097
17098
17102
17132
17133
17137
17139
17140
17144
17146
17147
17151
17181
17182
17186
17188
17189
17193
17195
17196
17200
17230
17231
17235
17237
17238
17242
17244
17245
17249
17279
17280
17284
17286
17287
17291
17293
17294
17298
17328
17329
17333
17335
17336
17340
17342
17343
17347
17376
17380
17382
17384
17385
17389
17390
17394
17396
17432
17433
17434
17435
17436
17437
17438
17439
17440
17441
17442
17443
17444
17445
17467
17468
17469
17470
17471
17472
17473
17475
17476
17480
17481
17485
17487
17489
17490
17494
17495
17499
17501
17503
17504
17508
17509
17513
17515
17517
17518
17522
17523
17527
17529
17531
17532
17536
17566
17567
17571
17573
17574
17578
17580
17581
17585
17615
17616
17620
17622
17623
17627
17629
17630
17634
17664
17665
17669
17671
17672
17676
17678
17679
17683
17713
17714
17718
17720
17721
17725
17727
17728
17732
17762
17763
17767
17769
17770
17774
17776
17777
17781
17811
17812
17816
17818
17819
17823
17825
17826
17830
17860
17861
17865
17867
17868
17872
17874
17875
17879
17908
17912
17914
17916
17917
17921
17922
17926
17928
17964
17965
17966
17967
17968
17969
17970
17971
17972
17973
17974
17975
17976
17977
17999
18000
18001
18002
18003
18004
18005
18007
18008
18012
18013
18017
18019
18021
18022
18026
18027
18031
18033
18035
18036
18040
18041
18045
18047
18049
18050
18054
18055
18059
18061
18063
18064
18068
18098
18099
18103
18105
18106
18110
18112
18113
18117
18147
18148
18152
18154
18155
18159
18161
18162
18166
18196
18197
18201
18203
18204
18208
18210
18211
18215
18245
18246
18250
18252
18253
18257
18259
18260
18264
18294
18295
18299
18301
18302
18306
18308
18309
18313
18343
18344
18348
18350
18351
18355
18357
18358
18362
18392
18393
18397
18399
18400
18404
18406
18407
18411
18440
18444
18446
18448
18449
18453
18454
18458
18460
18496
18497
18498
18499
18500
18501
18502
18503
18504
18505
18506
18507
18508
18509
18531
18532
18533
18534
18535
18536
18537
18539
18540
18544
18545
18549
18551
18553
18554
18558
18559
18563
18565
18567
18568
18572
18573
18577
18579
18581
18582
18586
18587
18591
18593
18595
18596
18600
18630
18631
18635
18637
18638
18642
18644
18645
18649
18679
18680
18684
18686
18687
18691
18693
18694
18698
18728
18729
18733
18735
18736
18740
18742
18743
18747
18777
18778
18782
18784
18785
18789
18791
18792
18796
18826
18827
18831
18833
18834
18838
18840
18841
18845
18875
18876
18880
18882
18883
18887
18889
18890
18894
18924
18925
18929
18931
18932
18936
18938
18939
18943
18972
18976
18978
18980
18981
18985
18986
18990
18992
19028
19029
19030
19031
19032
19033
19034
19035
19036
19037
19038
19039
19040
19041
19063
19064
19065
19066
19067
19068
19069
19071
19072
19076
19077
19081
19083
19085
19086
19090
19091
19095
19097
19099
19100
19104
19105
19109
19111
19113
19114
19118
19119
19122
19125
19126
19130
19132
19162
19163
19167
19168
19172
19174
19175
19179
19181
19211
19212
19216
19217
19221
19223
19224
19228
19230
19260
19261
19265
19266
19270
19272
19273
19277
19279
19309
19310
19314
19315
19319
19321
19322
19326
19328
19358
19359
19363
19364
19368
19370
19371
19375
19377
19407
19408
19412
19413
19417
19419
19420
19424
19426
19456
19457
19461
19462
19466
19468
19469
19473
19475
19504
19508
19510
19511
19515
19517
19518
19521
19524
19560
19561
19562
19563
19564
19565
19566
19567
19568
19569
19570
19571
19572
19573
19595
19596
19597
19598
19599
19600
19601
19603
19604
19608
19609
19613
19615
19617
19618
19622
19623
19627
19629
19631
19632
19636
19637
19641
19643
19644
19645
19646
19647
19648
19649
19650
19672
19673
19674
19675
19676
19677
19678
19686
19687
19688
19689
19690
19691
19692
19700
19701
19702
19703
19704
19705
19706
19707
19708
19709
19710
19711
19712
19713
19735
19736
19737
19738
19739
19740
19741
19749
19750
19751
19752
19753
19754
19755
19756
19757
19758
19759
19760
19761
19762
19784
19785
19786
19787
19788
19789
19790
19798
19799
19800
19801
19802
19803
19804
19805
19806
19807
19808
19809
19810
19811
19833
19834
19835
19836
19837
19838
19839
19847
19848
19849
19850
19851
19852
19853
19854
19855
19856
19857
19858
19859
19860
19882
19883
19884
19885
19886
19887
19888
19896
19897
19898
19899
19900
19901
19902
19903
19904
19905
19906
19907
19908
19909
19931
19932
19933
19934
19935
19936
19937
19945
19946
19947
19948
19949
19950
19951
19952
19953
19954
19955
19956
19957
19958
19980
19981
19982
19983
19984
19985
19986
19994
19995
19996
19997
19998
19999
20000
20001
20002
20003
20004
20005
20006
20007
20029
20030
20031
20032
20033
20034
20035
20043
20044
20045
20046
20047
20048
20049
20050
20051
20052
20053
20054
20055
20056
20078
20079
20080
20081
20082
20083
20084
20092
20093
20094
20095
20096
20097
20098
20099
20100
20101
20102
20103
20104
20105
20127
20128
20129
20130
20131
20132
20133
20135
20136
20140
20141
20145
20147
20149
20150
20154
20155
20159
20161
20163
20164
20168
20169
20173
20175
20177
20178
20182
20183
20187
20189
20191
20192
20196
20199
20200
20203
20205
20206
20210
20212
20213
20217
20219
20222
20224
20226
20227
20231
20233
20234
20238
20239
20243
20245
20247
20248
20252
20254
20255
20259
20260
20264
20266
20268
20269
20273
20275
20276
20280
20281
20285
20287
20289
20290
20294
20296
20297
20301
20302
20306
20308
20310
20311
20315
20317
20318
20322
20323
20327
20329
20331
20332
20336
20338
20339
20343
20344
20348
20350
20352
20353
20357
20359
20360
20364
20365
20369
20371
20373
20374
20378
20380
20381
20385
20386
20390
20392
20394
20395
20399
20401
20402
20406
20407
20411
20413
20415
20416
20420
20422
20423
20427
20428
20432
20434
20436
20437
20441
20443
20444
20448
20449
20453
20455
20457
20458
20462
20464
20465
20469
20470
20474
20476
20478
20479
20483
20485
20486
20490
20492
20493
20497
20499
20500
20504
20506
20507
20511
20513
20514
20518
20520
20521
20525
20527
20528
20532
20534
20535
20539
20541
20542
20546
20548
20549
20553
20555
20556
20560
20562
20563
20567
20569
20570
20574
20576
20577
20581
20583
20584
20588
20590
20591
20595
20597
20598
20602
20604
20605
20609
20611
20612
20616
20618
20619
20623
20625
20626
20630
20632
20633
20637
20639
20640
20644
20646
20647
20651
20653
20654
20658
20660
20661
20665
20667
20668
20672
20674
20675
20679
20681
20682
20686
20688
20689
20693
20695
20696
20700
20702
20703
20707
20709
20710
20714
20716
20717
20721
20723
20724
20728
20730
20731
20735
20737
20738
20742
20744
20745
20749
20751
20752
20756
20758
20759
20763
20765
20766
20770
20772
20773
20777
20779
20780
20784
20786
20787
20791
20793
20794
20798
20800
20801
20805
20807
20808
20812
20814
20815
20819
20821
20822
20826
20828
20829
20833
20835
20836
20840
20842
20843
20847
20849
20850
20854
20856
20857
20861
20863
20864
20868
20870
20871
20875
20877
20878
20882
20884
20885
20889
20891
20892
20896
20898
20899
20903
20905
20906
20910
20912
20913
20917
20919
20920
20924
20926
20927
20931
20933
20934
20938
20940
20941
20945
20947
20948
20952
20954
20955
20959
20961
20962
20966
20968
20969
20973
20975
20976
20980
20982
20983
20987
20989
20990
20994
20996
20997
21001
21003
21004
21008
21010
21011
21015
21017
21018
21022
21024
21025
21029
21031
21032
21036
21038
21039
21043
21045
21046
21050
21052
21053
21057
21059
21060
21064
21066
21067
21071
21073
21074
21078
21080
21081
21085
21087
21088
21092
21094
21095
21099
21101
21102
21106
21108
21109
21113
21115
21116
21120
21122
21123
21127
21129
21130
21134
21136
21137
21141
21143
21144
21148
21150
21151
21155
21157
21158
21162
21164
21165
21169
21171
21172
21176
21178
21179
21183
21185
21186
21190
21192
21193
21197
21199
21200
21204
21206
21207
21211
21213
21214
21218
21220
21221
21225
21227
21228
21232
21234
21235
21239
21241
21242
21246
21248
21249
21253
21255
21256
21260
21262
21263
21267
21269
21270
21274
21276
21277
21281
21283
21284
21288
21290
21291
21295
21297
21298
21302
21304
21305
21309
21311
21312
21316
21318
21319
21323
21325
21326
21330
21332
21333
21337
21339
21340
21344
21346
21347
21351
21353
21354
21358
21360
21361
21365
21367
21368
21372
21374
21375
21379
21381
21382
21386
21388
21389
21393
21395
21396
21400
21402
21403
21407
21409
21410
21414
21416
21417
21421
21423
21424
21428
21430
21431
21435
21437
21438
21442
21444
21445
21449
21451
21452
21456
21458
21459
21463
21465
21466
21470
21472
21473
21477
21479
21480
21484
21486
21487
21491
21493
21494
21498
21500
21501
21505
21507
21508
21512
21514
21515
21519
21521
21522
21526
21528
21529
21533
21535
21536
21540
21542
21543
21547
21549
21550
21554
21556
21557
21561
21563
21564
21568
21570
21571
21575
21577
21578
21582
21584
21585
21589
21591
21592
21596
21598
21599
21603
21605
21606
21610
21612
21613
21617
21619
21620
21624
21626
21627
21631
21633
21634
21638
21640
21641
21645
21647
21648
21652
21654
21655
21659
21661
21662
21666
21668
21669
21673
21675
21676
21680
21682
21683
21687
21689
21690
21694
21696
21697
21701
21703
21704
21708
21710
21711
21715
21717
21718
21722
21724
21725
21729
21731
21732
21736
21738
21739
21743
21745
21746
21750
21752
21753
21757
21759
21760
21764
21766
21767
21771
21773
21774
21778
21780
21781
21785
21787
21788
21792
21794
21795
21799
21801
21802
21806
21808
21809
21813
21815
21816
21820
21822
21823
21827
21829
21830
21834
21836
21837
21841
21843
21844
21848
21850
21851
21855
21857
21858
21862
21864
21865
21869
21871
21872
21876
21878
21879
21883
21885
21886
21890
21892
21893
21897
21899
21900
21904
21906
21907
21911
21913
21914
21918
21920
21921
21925
21927
21928
21932
21934
21935
21939
21941
21942
21946
21948
21949
21953
21955
21956
21960
21962
21963
21967
21969
21970
21974
21976
21977
21981
21983
21984
21988
21990
21991
21995
21997
21998
22002
22004
22005
22009
22011
22012
22016
22018
22019
22023
22025
22026
22030
22032
22033
22037
22039
22040
22044
22046
22047
22051
22053
22054
22058
22060
22061
22065
22067
22068
22072
22074
22075
22079
22081
22082
22086
22088
22089
22093
22095
22096
22100
22102
22103
22107
22109
22110
22114
22116
22117
22121
22123
22124
22128
22130
22131
22135
22137
22138
22142
22144
22145
22149
22151
22152
22156
22158
22159
22163
22165
22166
22170
22172
22173
22177
22179
22180
22184
22186
22187
22191
22193
22194
22198
22200
22201
22205
22207
22208
22212
22214
22215
22219
22221
22222
22226
22228
22229
22233
22235
22236
22240
22242
22243
22247
22249
22250
22254
22256
22257
22261
22263
22264
22268
22270
22271
22275
22277
22278
22282
22284
22285
22289
22291
22292
22296
22298
22299
22303
22305
22306
22310
22312
22313
22317
22319
22320
22324
22326
22327
22331
22333
22334
22338
22340
22341
22345
22347
22348
22352
22354
22355
22359
22361
22362
22366
22368
22369
22373
22375
22376
22380
22382
22383
22387
22389
22390
22394
22396
22397
22401
22409
22410
22411
22412
22413
22414
22415
22416
22417
22418
22419
22420
22421
22422
22444
22445
22446
22447
22448
22449
22450
22458
22459
22460
22461
22462
22463
22464
22465
22466
22467
22468
22469
22470
22471
22493
22494
22495
22496
22497
22498
22499
22507
22508
22509
22510
22511
22512
22513
22514
22515
22516
22517
22518
22519
22520
22542
22543
22544
22545
22546
22547
22548
22556
22557
22558
22559
22560
22561
22562
22563
22564
22565
22566
22567
22568
22569
22591
22592
22593
22594
22595
22596
22597
22605
22606
22607
22608
22609
22610
22611
22612
22613
22614
22615
22616
22617
22618
22640
22641
22642
22643
22644
22645
22646
22654
22655
22656
22657
22658
22659
22660
22661
22662
22663
22664
22665
22666
22667
22689
22690
22691
22692
22693
22694
22695
22703
22704
22705
22706
22707
22708
22709
22710
22711
22712
22713
22714
22715
22716
22738
22739
22740
22741
22742
22743
22744
22752
22753
22754
22755
22756
22757
22758
22759
22760
22761
22762
22763
22764
22765
22787
22788
22789
22790
22791
22792
22793
22801
22802
22803
22804
22805
22806
22807
22808
22809
22810
22811
22812
22813
22814
22836
22837
22838
22839
22840
22841
22842
22850
22851
22852
22853
22854
22855
22856
22857
22858
22859
22860
22861
22862
22863
22885
22886
22887
22888
22889
22890
22891
22899
22900
22901
22902
22903
22904
22905
22906
22907
22908
22909
22910
22911
22912
22934
22935
22936
22937
22938
22939
22940
22948
22949
22950
22951
22952
22953
22954
22955
22956
22957
22958
22959
22960
22961
22983
22984
22985
22986
22987
22988
22989
22997
22998
22999
23000
23001
23002
23003
23004
23005
23006
23007
23008
23009
23010
23032
23033
23034
23035
23036
23037
23038
23046
23047
23048
23049
23050
23051
23052
23053
23054
23055
23056
23057
23058
23059
23081
23082
23083
23084
23085
23086
23087
23095
23096
23097
23098
23099
23100
23101
23102
23103
23104
23105
23106
23107
23108
23130
23131
23132
23133
23134
23135
23136
23144
23145
23146
23147
23148
23149
23150
23151
23152
23153
23154
23155
23156
23157
23179
23180
23181
23182
23183
23184
23185
23193
23194
23195
23196
23197
23198
23199
23200
23201
23202
23203
23204
23205
23206
23228
23229
23230
23231
23232
23233
23234
23242
23243
23244
23245
23246
23247
23248
23249
23250
23251
23252
23253
23254
23255
23277
23278
23279
23280
23281
23282
23283
23291
23292
23293
23294
23295
23296
23297
23298
23299
23300
23301
23302
23303
23304
23326
23327
23328
23329
23330
23331
23332
23340
23341
23342
23343
23344
23345
23346
23347
23348
23349
23350
23351
23352
23353
23375
23376
23377
23378
23379
23380
23381
23389
23390
23391
23392
23393
23394
23395
23396
23397
23398
23399
23400
23401
23402
23424
23425
23426
23427
23428
23429
23430
23438
23439
23440
23441
23442
23443
23444
23445
23446
23447
23448
23449
23450
23451
23473
23474
23475
23476
23477
23478
23479
23487
23488
23489
23490
23491
23492
23493
23494
23495
23496
23497
23498
23499
23500
23522
23523
23524
23525
23526
23527
23528
23550
23551
23552
23553
23554
23555
23556
23557
23558
23559
23560
23561
23562
23563
23585
23586
23587
23588
23589
23590
23591
23606
23607
23608
23609
23610
23611
23612
23634
23635
23636
23637
23638
23639
23640
23648
23649
23650
23651
23652
23653
23654
23655
23656
23657
23658
23659
23660
23661
23683
23684
23685
23686
23687
23688
23689
23697
23698
23699
23700
23701
23702
23703
23711
23712
23713
23714
23715
23716
23717
23718
23719
23720
23721
23722
23723
23724
23746
23747
23748
23749
23750
23751
23752
23753
23754
23755
23756
23757
23758
23759
23781
23782
23783
23784
23785
23786
23787
23795
23796
23797
23798
23799
23800
23801
23809
23810
23811
23812
23813
23814
23815
23816
23817
23818
23819
23820
23821
23822
23844
23845
23846
23847
23848
23849
23850
23858
23859
23860
23861
23862
23863
23864
23865
23866
23867
23868
23869
23870
23871
23893
23894
23895
23896
23897
23898
23899
23900
23901
23902
23903
23904
23905
23906
23928
23929
23930
23931
23932
23933
23934
23942
23943
23944
23945
23946
23947
23948
23956
23957
23958
23959
23960
23961
23962
23963
23964
23965
23966
23967
23968
23969
23991
23992
23993
23994
23995
23996
23997
24005
24006
24007
24008
24009
24010
24011
24012
24013
24014
24015
24016
24017
24018
24040
24041
24042
24043
24044
24045
24046
24047
24048
24049
24050
24051
24052
24053
24075
24076
24077
24078
24079
24080
24081
24089
24090
24091
24092
24093
24094
24095
24103
24104
24105
24106
24107
24108
24109
24110
24111
24112
24113
24114
24115
24116
24138
24139
24140
24141
24142
24143
24144
24152
24153
24154
24155
24156
24157
24158
24159
24160
24161
24162
24163
24164
24165
24187
24188
24189
24190
24191
24192
24193
24194
24195
24196
24197
24198
24199
24200
24222
24223
24224
24225
24226
24227
24228
24236
24237
24238
24239
24240
24241
24242
24250
24251
24252
24253
24254
24255
24256
24257
24258
24259
24260
24261
24262
24263
24285
24286
24287
24288
24289
24290
24291
24299
24300
24301
24302
24303
24304
24305
24306
24307
24308
24309
24310
24311
24312
24334
24335
24336
24337
24338
24339
24340
24341
24342
24343
24344
24345
24346
24347
24369
24370
24371
24372
24373
24374
24375
24383
24384
24385
24386
24387
24388
24389
24397
24398
24399
24400
24401
24402
24403
24404
24405
24406
24407
24408
24409
24410
24432
24433
24434
24435
24436
24437
24438
24446
24447
24448
24449
24450
24451
24452
24453
24454
24455
24456
24457
24458
24459
24481
24482
24483
24484
24485
24486
24487
24488
24489
24490
24491
24492
24493
24494
24516
24517
24518
24519
24520
24521
24522
24530
24531
24532
24533
24534
24535
24536
24544
24545
24546
24547
24548
24549
24550
24551
24552
24553
24554
24555
24556
24557
24579
24580
24581
24582
24583
24584
24585
24593
24594
24595
24596
24597
24598
24599
24600
24601
24602
24603
24604
24605
24606
24628
24629
24630
24631
24632
24633
24634
24635
24636
24637
24638
24639
24640
24641
24663
24664
24665
24666
24667
24668
24669
24677
24678
24679
24680
24681
24682
24683
24691
24692
24693
24694
24695
24696
24697
24698
24699
24700
24701
24702
24703
24704
24726
24727
24728
24729
24730
24731
24732
24740
24741
24742
24743
24744
24745
24746
24747
24748
24749
24750
24751
24752
24753
24775
24776
24777
24778
24779
24780
24781
24782
24783
24784
24785
24786
24787
24788
24789
24790
24791
24792
24793
24794
24795
24824
24825
24826
24827
24828
24829
24830
24838
24839
24840
24841
24842
24843
24844
24845
24846
24847
24848
24849
24850
24851
24873
24874
24875
24876
24877
24878
24879
24880
24881
24882
24883
24884
24885
24886
24908
24909
24910
24911
24912
24913
24914
24922
24923
24924
24925
24926
24927
24928
24936
24937
24938
24939
24940
24941
24942
24943
24944
24945
24946
24947
24948
24949
24971
24972
24973
24974
24975
24976
24977
24978
24979
24980
24981
24982
24983
24984
24985
24986
24987
24988
24989
24990
24991
25020
25021
25022
25023
25024
25025
25026
25027
25028
25029
25030
25031
25032
25033
25055
25056
25057
25058
25059
25060
25061
25069
25070
25071
25072
25073
25074
25075
25111
25112
25113
25114
25115
25116
25117
25118
25119
25120
25121
25122
25123
25124
25146
25147
25148
25149
25150
25151
25152
25153
25154
25155
25156
25157
25158
25159
25181
25182
25183
25184
25185
25186
25187
25195
25196
25197
25198
25199
25200
25201
25202
25203
25204
25205
25206
25207
25208
25230
25231
25232
25233
25234
25235
25236
25244
25245
25246
25247
25248
25249
25250
25286
25287
25288
25289
25290
25291
25292
25293
25294
25295
25296
25297
25298
25299
25321
25322
25323
25324
25325
25326
25327
25328
25329
25330
25331
25332
25333
25334
25356
25357
25358
25359
25360
25361
25362
25370
25371
25372
25373
25374
25375
25376
25377
25378
25379
25380
25381
25382
25383
25405
25406
25407
25408
25409
25410
25411
25419
25420
25421
25422
25423
25424
25425
25461
25462
25463
25464
25465
25466
25467
25468
25469
25470
25471
25472
25473
25474
25496
25497
25498
25499
25500
25501
25502
25503
25504
25505
25506
25507
25508
25509
25531
25532
25533
25534
25535
25536
25537
25545
25546
25547
25548
25549
25550
25551
25552
25553
25554
25555
25556
25557
25558
25580
25581
25582
25583
25584
25585
25586
25594
25595
25596
25597
25598
25599
25600
25636
25637
25638
25639
25640
25641
25642
25643
25644
25645
25646
25647
25648
25649
25671
25672
25673
25674
25675
25676
25677
25678
25679
25680
25681
25682
25683
25684
25706
25707
25708
25709
25710
25711
25712
25720
25721
25722
25723
25724
25725
25726
25727
25728
25729
25730
25731
25732
25733
25755
25756
25757
25758
25759
25760
25761
25769
25770
25771
25772
25773
25774
25775
25811
25812
25813
25814
25815
25816
25817
25818
25819
25820
25821
25822
25823
25824
25846
25847
25848
25849
25850
25851
25852
25853
25854
25855
25856
25857
25858
25859
25881
25882
25883
25884
25885
25886
25887
25895
25896
25897
25898
25899
25900
25901
25902
25903
25904
25905
25906
25907
25908
25930
25931
25932
25933
25934
25935
25936
25944
25945
25946
25947
25948
25949
25950
25986
25987
25988
25989
25990
25991
25992
25993
25994
25995
25996
25997
25998
25999
26021
26022
26023
26024
26025
26026
26027
26028
26029
26030
26031
26032
26033
26034
26056
26057
26058
26059
26060
26061
26062
26070
26071
26072
26073
26074
26075
26076
26077
26078
26079
26080
26081
26082
26083
26105
26106
26107
26108
26109
26110
26111
26119
26120
26121
26122
26123
26124
26125
26161
26162
26163
26164
26165
26166
26167
26168
26169
26170
26171
26172
26173
26174
26196
26197
26198
26199
26200
26201
26202
26203
26204
26205
26206
26207
26208
26209
26231
26232
26233
26234
26235
26236
26237
26245
26246
26247
26248
26249
26250
26251
26252
26253
26254
26255
26256
26257
26258
26280
26281
26282
26283
26284
26285
26286
26294
26295
26296
26297
26298
26299
26300
26329
26330
26331
26332
26333
26334
26335
26357
26358
26359
26360
26361
26362
26363
26371
26372
26373
26374
26375
26376
26377
26378
26379
26380
26381
26382
26383
26384
26406
26407
26408
26409
26410
26411
26412
26420
26421
26422
26423
26424
26425
26426
26427
26428
26429
26430
26431
26432
26433
26434
26435
26436
26437
26438
26439
26440
26469
26470
26471
26472
26473
26474
26475
26504
26505
26506
26507
26508
26509
26510
26511
26512
26513
26514
26515
26516
26517
26518
26519
26520
26521
26522
26523
26524
26525
26526
26527
26528
26529
26530
26531
26532
26533
26534
26535
26536
26537
26538
26539
26540
26541
26542
26543
26544
26545
26546
26547
26548
26549
26550
26551
26552
26553
26554
26555
26556
26557
26558
26559
26560
26561
26562
26563
26564
26565
26566
26567
26568
26569
26570
26571
26572
26573
26574
26575
26576
26577
26578
26579
26580
26581
26582
26583
26584
26585
26586
26587
26588
26589
26590
26591
26592
26593
26594
26595
26596
26597
26598
26599
26600
26601
26602
26603
26604
26605
26606
26607
26608
26609
26610
26611
26612
26613
26614
26615
26616
26617
26618
26619
26620
26621
26622
26623
26624
26625
26626
26627
26628
26629
26630
26631
26632
26633
26634
26635
26636
26637
26638
26639
26640
26641
26642
26643
26644
26645
26646
26647
26648
26649
26650
26651
26652
26653
26654
26655
26656
26657
26658
26659
26660
26661
26662
26663
26664
26665
26666
26667
26668
26669
26670
26671
26672
26673
26674
26675
26676
26677
26678
26679
26680
26681
26682
26683
26684
26685
26686
26687
26688
26689
26690
26691
26692
26693
26694
26695
26696
26697
26698
26699
26700
26701
26702
26703
26704
26705
26706
26707
26708
26709
26710
26711
26712
26713
26714
26715
26716
26717
26718
26719
26720
26721
26722
26723
26724
26725
26726
26727
26728
26729
26730
26731
26732
26733
26734
26735
26736
26737
26738
26739
26740
26741
26742
26743
26744
26745
26746
26747
26748
26749
26750
26751
26752
26753
26754
26755
26756
26757
26758
26759
26760
26761
26762
26763
26764
26765
26766
26767
26768
26769
26770
26771
26772
26773
26774
26775
26776
26777
26778
26779
26780
26781
26782
26783
26784
26785
26786
26787
26788
26789
26790
26791
26792
26793
26794
26795
26796
26797
26798
26799
26800
26801
26802
26803
26804
26805
26806
26807
26808
26809
26810
26811
26812
26813
26814
26815
26816
26817
26818
26819
26820
26821
26822
26823
26824
26825
26826
26827
26828
26829
26830
26831
26832
26833
26834
26835
26836
26837
26838
26839
26840
26841
26842
26843
26844
26845
26846
26847
26848
26849
26850
26851
26852
26853
26854
26855
26856
26857
26858
26859
26860
26861
26862
26863
26864
26865
26866
26867
26868
26869
26870
26871
26872
26873
26874
26875
26876
26877
26878
26879
26880
26881
26882
26883
26884
26885
26886
26887
26888
26889
26890
26891
26892
26893
26894
26895
26896
26897
26898
26899
26900
26901
26902
26903
26904
26905
26906
26907
26908
26909
26910
26911
26912
26913
26914
26915
26916
26917
26918
26919
26920
26921
26922
26923
26924
26925
26926
26927
26928
26929
26930
26931
26932
26933
26934
26935
26936
26937
26938
26939
26940
26941
26942
26943
26944
26945
26946
26947
26948
26949
26950
26951
26952
26953
26954
26955
26956
26957
26958
26959
26960
26961
26962
26963
26964
26965
26966
26967
26968
26969
26970
26971
26972
26973
26974
26975
26976
26977
26978
26979
26980
26981
26982
26983
26984
26985
26986
26987
26988
26989
26990
26991
26992
26993
26994
26995
26996
26997
26998
26999
27000
27001
27002
27003
27004
27005
27006
27007
27008
27009
27010
27011
27012
27013
27014
27015
27016
27017
27018
27019
27020
27021
27022
27023
27024
27025
27026
27027
27028
27029
27030
27031
27032
27033
27034
27035
27036
27037
27038
27039
27040
27041
27042
27043
27044
27045
27046
27047
27048
27049
27050
27051
27052
27053
27054
27055
27056
27057
27058
27059
27060
27061
27062
27063
27064
27065
27066
27067
27068
27069
27070
27071
27072
27073
27074
27075
27076
27077
27078
27079
27080
27081
27082
27083
27084
27085
27086
27087
27088
27089
27090
27091
27092
27093
27094
27095
27096
27097
27098
27099
27100
27101
27102
27103
27104
27105
27106
27107
27108
27109
27110
27111
27112
27113
27114
27115
27116
27117
27118
27119
27120
27121
27122
27123
27124
27125
27126
27127
27128
27129
27130
27131
27132
27133
27134
27135
27136
27137
27138
27139
27140
27141
27142
27143
27144
27145
27146
27147
27148
27149
27150
27151
27152
27153
27154
27155
27156
27157
27158
27159
27160
27161
27162
27163
27164
27165
27166
27167
27168
27169
27170
27171
27172
27173
27174
27175
27176
27177
27178
27179
27180
27181
27182
27183
27184
27185
27186
27187
27188
27189
27190
27191
27192
27193
27194
27195
27196
27197
27198
27199
27200
27201
27202
27203
27204
27205
27206
27207
27208
27209
27210
27211
27212
27213
27214
27215
27216
27217
27218
27219
27220
27221
27222
27223
27224
27225
27226
27227
27228
27229
27230
27231
27232
27233
27234
27235
27236
27237
27238
27239
27240
27241
27242
27243
27244
27245
27246
27247
27248
27249
27250
27251
27252
27253
27254
27255
27256
27257
27258
27259
27260
27261
27262
27263
27264
27265
27266
27267
27268
27269
27270
27271
27272
27273
27274
27275
27276
27277
27278
27279
27280
27281
27282
27283
27284
27285
27286
27287
27288
27289
27290
27291
27292
27293
27294
27295
27296
27297
27298
27299
27300
27301
27302
27303
27304
27305
27306
27307
27308
27309
27310
27311
27312
27313
27314
27315
27316
27317
27318
27319
27320
27321
27322
27323
27324
27325
27326
27327
27328
27329
27330
27331
27332
27333
27334
27335
27336
27337
27338
27339
27340
27341
27342
27343
27344
27345
27346
27347
27348
27349
27350
27351
27352
27353
27354
27355
27356
27357
27358
27359
27360
27361
27362
27363
27364
27365
27366
27367
27368
27369
27370
27371
27372
27373
27374
27375
27376
27377
27378
27379
27380
27381
27382
27383
27384
27385
27386
27387
27388
27389
27390
27391
27392
27393
27394
27395
27396
27397
27398
27399
27400
27401
27402
27403
27404
27405
27406
27407
27408
27409
27410
27411
27412
27413
27414
27415
27416
27417
27418
27419
27420
27421
27422
27423
27424
27425
27426
27427
27428
27429
27430
27431
27432
27433
27434
27435
27436
27437
27438
27439
27440
27441
27442
27443
27444
27445
27446
27447
27448
27449
27450
27451
27452
27453
27454
27455
27456
27457
27458
27459
27460
27461
27462
27463
27464
27465
27466
27467
27468
27469
27470
27471
27472
27473
27474
27475
27476
27477
27478
27479
27480
27481
27482
27483
27484
27485
27486
27487
27488
27489
27490
27491
27492
27493
27494
27495
27496
27497
27498
27499
27500
27501
27502
27503
27504
27505
27506
27507
27508
27509
27510
27511
27512
27513
27514
27515
27516
27517
27518
27519
27520
27521
27522
27523
27524
27525
27526
27527
27528
27529
27530
27531
27532
27533
27534
27535
27536
27537
27538
27539
27540
27541
27542
27543
27544
27545
27546
27547
27548
27549
27550
27551
27552
27553
27554
27555
27556
27557
27558
27559
27560
27561
27562
27563
27564
27565
27566
27567
27568
27569
27570
27571
27572
27573
27574
27575
27576
27577
27578
27579
27580
27581
27582
27583
27584
27585
27586
27587
27588
27589
27590
27591
27592
27593
27594
27595
27596
27597
27598
27599
27600
27601
27602
27603
27604
27605
27606
27607
27608
27609
27610
27611
27612
27613
27614
27615
27616
27617
27618
27619
27620
27621
27622
27623
27624
27625
27626
27627
27628
27629
27630
27631
27632
27633
27634
27635
27636
27637
27638
27639
27640
27641
27642
27643
27644
27645
27646
27647
27648
27649
27650
27651
27652
27653
27654
27655
27656
27657
27658
27659
27660
27661
27662
27663
27664
27665
27666
27667
27668
27669
27670
27671
27672
27673
27674
27675
27676
27677
27678
27679
27680
27681
27682
27683
27684
27685
27686
27687
27688
27689
27690
27691
27692
27693
27694
27695
27696
27697
27698
27699
27700
27701
27702
27703
27704
27705
27706
27707
27708
27709
27710
27711
27712
27713
27714
27715
27716
27717
27718
27719
27720
27721
27722
27723
27724
27725
27726
27727
27728
27729
27730
27731
27732
27733
27734
27735
27736
27737
27738
27739
27740
27741
27742
27743
27744
27745
27746
27747
27748
27749
27750
27751
27752
27753
27754
27755
27756
27757
27758
27759
27760
27761
27762
27763
27764
27765
27766
27767
27768
27769
27770
27771
27772
27773
27774
27775
27776
27777
27778
27779
27780
27781
27782
27783
27784
27785
27786
27787
27788
27789
27790
27791
27792
27793
27794
27795
27796
27797
27798
27799
27800
27801
27802
27803
27804
27805
27806
27807
27808
27809
27810
27811
27812
27813
27814
27815
27816
27817
27818
27819
27820
27821
27822
27823
27824
27825
27826
27827
27828
27829
27830
27831
27832
27833
27834
27835
27836
27837
27838
27839
27840
27841
27842
27843
27844
27845
27846
27847
27848
27849
27850
27851
27852
27853
27854
27855
27856
27857
27858
27859
27860
27861
27862
27863
27864
27865
27866
27867
27868
27869
27870
27871
27872
27873
27874
27875
27876
27877
27878
27879
27880
27881
27882
27883
27884
27885
27886
27887
27888
27889
27890
27891
27892
27893
27894
27895
27896
27897
27898
27899
27900
27901
27902
27903
27904
27905
27906
27907
27908
27909
27910
27911
27912
27913
27914
27915
27916
27917
27918
27919
27920
27921
27922
27923
27924
27925
27926
27927
27928
27929
27930
27931
27932
27933
27934
27935
27936
27937
27938
27939
27940
27941
27942
27943
27944
27945
27946
27947
27948
27949
27950
27951
27952
27953
27954
27955
27956
27957
27958
27959
27960
27961
27962
27963
27964
27965
27966
27967
27968
27969
27970
27971
27972
27973
27974
27975
27976
27977
27978
27979
27980
27981
27982
27983
27984
27985
27986
27987
27988
27989
27990
27991
27992
27993
27994
27995
27996
27997
27998
27999
28000
28001
28002
28003
28004
28005
28006
28007
28008
28009
28010
28011
28012
28013
28014
28015
28016
28017
28018
28019
28020
28021
28022
28037
28038
28039
28040
28041
28042
28043
28058
28059
28060
28061
28062
28063
28064
28065
28066
28067
28068
28069
28070
28071
28093
28094
28095
28096
28097
28098
28099
28107
28108
28109
28110
28111
28112
28113
28114
28115
28116
28117
28118
28119
28120
28142
28143
28144
28145
28146
28147
28148
28156
28157
28158
28159
28160
28161
28162
28163
28164
28165
28166
28167
28168
28169
28191
28192
28193
28194
28195
28196
28197
28205
28206
28207
28208
28209
28210
28211
28212
28213
28214
28215
28216
28217
28218
28240
28241
28242
28243
28244
28245
28246
28254
28255
28256
28257
28258
28259
28260
28261
28262
28263
28264
28265
28266
28267
28289
28290
28291
28292
28293
28294
28295
28303
28304
28305
28306
28307
28308
28309
28310
28311
28312
28313
28314
28315
28316
28338
28339
28340
28341
28342
28343
28344
28352
28353
28354
28355
28356
28357
28358
28359
28360
28361
28362
28363
28364
28365
28387
28388
28389
28390
28391
28392
28393
28401
28402
28403
28404
28405
28406
28407
28408
28409
28410
28411
28412
28413
28414
28436
28437
28438
28439
28440
28441
28442
28450
28451
28452
28453
28454
28455
28456
28457
28458
28459
28460
28461
28462
28463
28485
28486
28487
28488
28489
28490
28491
28499
28500
28501
28502
28503
28504
28505
28513
28514
28515
28516
28517
28518
28519
28520
28521
28522
28523
28524
28525
28526
28548
28549
28550
28551
28552
28553
28554
28562
28563
28564
28565
28566
28567
28568
28569
28570
28571
28572
28573
28574
28575
28597
28598
28599
28600
28601
28602
28603
28611
28612
28613
28614
28615
28616
28617
28618
28619
28620
28621
28622
28623
28624
28646
28647
28648
28649
28650
28651
28652
28660
28661
28662
28663
28664
28665
28666
28667
28668
28669
28670
28671
28672
28673
28695
28696
28697
28698
28699
28700
28701
28709
28710
28711
28712
28713
28714
28715
28716
28717
28718
28719
28720
28721
28722
28744
28745
28746
28747
28748
28749
28750
28758
28759
28760
28761
28762
28763
28764
28765
28766
28767
28768
28769
28770
28771
28793
28794
28795
28796
28797
28798
28799
28807
28808
28809
28810
28811
28812
28813
28814
28815
28816
28817
28818
28819
28820
28842
28843
28844
28845
28846
28847
28848
28856
28857
28858
28859
28860
28861
28862
28863
28864
28865
28866
28867
28868
28869
28891
28892
28893
28894
28895
28896
28897
28898
28899
28900
28901
28902
28903
28904
28926
28927
28928
28929
28930
28931
28932
28940
28941
28942
28943
28944
28945
28946
28954
28955
28956
28957
28958
28959
28960
28961
28962
28963
28964
28965
28966
28967
28989
28990
28991
28992
28993
28994
28995
29003
29004
29005
29006
29007
29008
29009
29010
29011
29012
29013
29014
29015
29016
29038
29039
29040
29041
29042
29043
29044
29052
29053
29054
29055
29056
29057
29058
29059
29060
29061
29062
29063
29064
29065
29087
29088
29089
29090
29091
29092
29093
29101
29102
29103
29104
29105
29106
29107
29108
29109
29110
29111
29112
29113
29114
29136
29137
29138
29139
29140
29141
29142
29150
29151
29152
29153
29154
29155
29156
29157
29158
29159
29160
29161
29162
29163
29185
29186
29187
29188
29189
29190
29191
29199
29200
29201
29202
29203
29204
29205
29206
29207
29208
29209
29210
29211
29212
29234
29235
29236
29237
29238
29239
29240
29248
29249
29250
29251
29252
29253
29254
29255
29256
29257
29258
29259
29260
29261
29283
29284
29285
29286
29287
29288
29289
29297
29298
29299
29300
29301
29302
29303
29304
29305
29306
29307
29308
29309
29310
29332
29333
29334
29335
29336
29337
29338
29339
29340
29341
29342
29343
29344
29345
29367
29368
29369
29370
29371
29372
29373
29381
29382
29383
29384
29385
29386
29387
29395
29396
29397
29398
29399
29400
29401
29402
29403
29404
29405
29406
29407
29408
29430
29431
29432
29433
29434
29435
29436
29444
29445
29446
29447
29448
29449
29450
29451
29452
29453
29454
29455
29456
29457
29479
29480
29481
29482
29483
29484
29485
29493
29494
29495
29496
29497
29498
29499
29500
29501
29502
29503
29504
29505
29506
29528
29529
29530
29531
29532
29533
29534
29542
29543
29544
29545
29546
29547
29548
29549
29550
29551
29552
29553
29554
29555
29577
29578
29579
29580
29581
29582
29583
29591
29592
29593
29594
29595
29596
29597
29598
29599
29600
29601
29602
29603
29604
29626
29627
29628
29629
29630
29631
29632
29640
29641
29642
29643
29644
29645
29646
29647
29648
29649
29650
29651
29652
29653
29675
29676
29677
29678
29679
29680
29681
29689
29690
29691
29692
29693
29694
29695
29696
29697
29698
29699
29700
29701
29702
29724
29725
29726
29727
29728
29729
29730
29738
29739
29740
29741
29742
29743
29744
29745
29746
29747
29748
29749
29750
29751
29773
29774
29775
29776
29777
29778
29779
29780
29781
29782
29783
29784
29785
29786
29808
29809
29810
29811
29812
29813
29814
29822
29823
29824
29825
29826
29827
29828
29836
29837
29838
29839
29840
29841
29842
29843
29844
29845
29846
29847
29848
29849
29871
29872
29873
29874
29875
29876
29877
29885
29886
29887
29888
29889
29890
29891
29892
29893
29894
29895
29896
29897
29898
29920
29921
29922
29923
29924
29925
29926
29934
29935
29936
29937
29938
29939
29940
29941
29942
29943
29944
29945
29946
29947
29969
29970
29971
29972
29973
29974
29975
29983
29984
29985
29986
29987
29988
29989
29990
29991
29992
29993
29994
29995
29996
30018
30019
30020
30021
30022
30023
30024
30032
30033
30034
30035
30036
30037
30038
30039
30040
30041
30042
30043
30044
30045
30067
30068
30069
30070
30071
30072
30073
30081
30082
30083
30084
30085
30086
30087
30088
30089
30090
30091
30092
30093
30094
30116
30117
30118
30119
30120
30121
30122
30130
30131
30132
30133
30134
30135
30136
30137
30138
30139
30140
30141
30142
30143
30165
30166
30167
30168
30169
30170
30171
30179
30180
30181
30182
30183
30184
30185
30186
30187
30188
30189
30190
30191
30192
30214
30215
30216
30217
30218
30219
30220
30221
30222
30223
30224
30225
30226
30227
30249
30250
30251
30252
30253
30254
30255
30263
30264
30265
30266
30267
30268
30269
30277
30278
30279
30280
30281
30282
30283
30284
30285
30286
30287
30288
30289
30290
30312
30313
30314
30315
30316
30317
30318
30326
30327
30328
30329
30330
30331
30332
30333
30334
30335
30336
30337
30338
30339
30361
30362
30363
30364
30365
30366
30367
30375
30376
30377
30378
30379
30380
30381
30382
30383
30384
30385
30386
30387
30388
30410
30411
30412
30413
30414
30415
30416
30424
30425
30426
30427
30428
30429
30430
30431
30432
30433
30434
30435
30436
30437
30459
30460
30461
30462
30463
30464
30465
30473
30474
30475
30476
30477
30478
30479
30480
30481
30482
30483
30484
30485
30486
30508
30509
30510
30511
30512
30513
30514
30522
30523
30524
30525
30526
30527
30528
30529
30530
30531
30532
30533
30534
30535
30557
30558
30559
30560
30561
30562
30563
30571
30572
30573
30574
30575
30576
30577
30578
30579
30580
30581
30582
30583
30584
30606
30607
30608
30609
30610
30611
30612
30620
30621
30622
30623
30624
30625
30626
30627
30628
30629
30630
30631
30632
30633
30655
30656
30657
30658
30659
30660
30661
30662
30663
30664
30665
30666
30667
30668
30690
30691
30692
30693
30694
30695
30696
30704
30705
30706
30707
30708
30709
30710
30711
30712
30713
30714
30715
30716
30717
30739
30740
30741
30742
30743
30744
30745
30753
30754
30755
30756
30757
30758
30759
30767
30768
30769
30770
30771
30772
30773
30774
30775
30776
30777
30778
30779
30780
30802
30803
30804
30805
30806
30807
30808
30809
30810
30811
30812
30813
30814
30815
30837
30838
30839
30840
30841
30842
30843
30851
30852
30853
30854
30855
30856
30857
30865
30866
30867
30868
30869
30870
30871
30872
30873
30874
30875
30876
30877
30878
30900
30901
30902
30903
30904
30905
30906
30914
30915
30916
30917
30918
30919
30920
30921
30922
30923
30924
30925
30926
30927
30949
30950
30951
30952
30953
30954
30955
30956
30957
30958
30959
30960
30961
30962
30984
30985
30986
30987
30988
30989
30990
30998
30999
31000
31001
31002
31003
31004
31012
31013
31014
31015
31016
31017
31018
31019
31020
31021
31022
31023
31024
31025
31047
31048
31049
31050
31051
31052
31053
31061
31062
31063
31064
31065
31066
31067
31068
31069
31070
31071
31072
31073
31074
31096
31097
31098
31099
31100
31101
31102
31103
31104
31105
31106
31107
31108
31109
31131
31132
31133
31134
31135
31136
31137
31145
31146
31147
31148
31149
31150
31151
31159
31160
31161
31162
31163
31164
31165
31166
31167
31168
31169
31170
31171
31172
31194
31195
31196
31197
31198
31199
31200
31208
31209
31210
31211
31212
31213
31214
31215
31216
31217
31218
31219
31220
31221
31243
31244
31245
31246
31247
31248
31249
31250
31251
31252
31253
31254
31255
31256
31278
31279
31280
31281
31282
31283
31284
31292
31293
31294
31295
31296
31297
31298
31306
31307
31308
31309
31310
31311
31312
31313
31314
31315
31316
31317
31318
31319
31341
31342
31343
31344
31345
31346
31347
31355
31356
31357
31358
31359
31360
31361
31362
31363
31364
31365
31366
31367
31368
31390
31391
31392
31393
31394
31395
31396
31397
31398
31399
31400
31401
31402
31403
31425
31426
31427
31428
31429
31430
31431
31439
31440
31441
31442
31443
31444
31445
31453
31454
31455
31456
31457
31458
31459
31460
31461
31462
31463
31464
31465
31466
31488
31489
31490
31491
31492
31493
31494
31502
31503
31504
31505
31506
31507
31508
31509
31510
31511
31512
31513
31514
31515
31537
31538
31539
31540
31541
31542
31543
31544
31545
31546
31547
31548
31549
31550
31572
31573
31574
31575
31576
31577
31578
31586
31587
31588
31589
31590
31591
31592
31600
31601
31602
31603
31604
31605
31606
31607
31608
31609
31610
31611
31612
31613
31635
31636
31637
31638
31639
31640
31641
31649
31650
31651
31652
31653
31654
31655
31656
31657
31658
31659
31660
31661
31662
31684
31685
31686
31687
31688
31689
31690
31691
31692
31693
31694
31695
31696
31697
31719
31720
31721
31722
31723
31724
31725
31733
31734
31735
31736
31737
31738
31739
31747
31748
31749
31750
31751
31752
31753
31754
31755
31756
31757
31758
31759
31760
31782
31783
31784
31785
31786
31787
31788
31796
31797
31798
31799
31800
31801
31802
31803
31804
31805
31806
31807
31808
31809
31831
31832
31833
31834
31835
31836
31837
31838
31839
31840
31841
31842
31843
31844
31859
31860
31861
31862
31863
31864
31865
31880
31881
31882
31883
31884
31885
31886
31894
31895
31896
31897
31898
31899
31900
31901
31902
31903
31904
31905
31906
31907
31929
31930
31931
31932
31933
31934
31935
31936
31937
31938
31939
31940
31941
31942
31964
31965
31966
31967
31968
31969
31970
31978
31979
31980
31981
31982
31983
31984
31992
31993
31994
31995
31996
31997
31998
31999
32000
32001
32002
32003
32004
32005
32027
32028
32029
32030
32031
32032
32033
32034
32035
32036
32037
32038
32039
32040
32062
32063
32064
32065
32066
32067
32068
32076
32077
32078
32079
32080
32081
32082
32090
32091
32092
32093
32094
32095
32096
32097
32098
32099
32100
32101
32102
32103
32125
32126
32127
32128
32129
32130
32131
32139
32140
32141
32142
32143
32144
32145
32146
32147
32148
32149
32150
32151
32152
32174
32175
32176
32177
32178
32179
32180
32188
32189
32190
32191
32192
32193
32194
32195
32196
32197
32198
32199
32200
32201
32223
32224
32225
32226
32227
32228
32229
32237
32238
32239
32240
32241
32242
32243
32244
32245
32246
32247
32248
32249
32250
32272
32273
32274
32275
32276
32277
32278
32286
32287
32288
32289
32290
32291
32292
32293
32294
32295
32296
32297
32298
32299
32321
32322
32323
32324
32325
32326
32327
32335
32336
32337
32338
32339
32340
32341
32342
32343
32344
32345
32346
32347
32348
32370
32371
32372
32373
32374
32375
32376
32384
32385
32386
32387
32388
32389
32390
32391
32392
32393
32394
32395
32396
32397
32419
32420
32421
32422
32423
32424
32425
32433
32434
32435
32436
32437
32438
32439
32440
32441
32442
32443
32444
32445
32446
32468
32469
32470
32471
32472
32473
32474
32482
32483
32484
32485
32486
32487
32488
32489
32490
32491
32492
32493
32494
32495
32517
32518
32519
32520
32521
32522
32523
32531
32532
32533
32534
32535
32536
32537
32538
32539
32540
32541
32542
32543
32544
32566
32567
32568
32569
32570
32571
32572
32580
32581
32582
32583
32584
32585
32586
32587
32588
32589
32590
32591
32592
32593
32615
32616
32617
32618
32619
32620
32621
32629
32630
32631
32632
32633
32634
32635
32636
32637
32638
32639
32640
32641
32642
32664
32665
32666
32667
32668
32669
32670
32678
32679
32680
32681
32682
32683
32684
32685
32686
32687
32688
32689
32690
32691
32713
32714
32715
32716
32717
32718
32719
32727
32728
32729
32730
32731
32732
32733
32734
32735
32736
32737
32738
32739
32740
32762
32763
32764
32765
32766
32767
32768
32776
32777
32778
32779
32780
32781
32782
32783
32784
32785
32786
32787
32788
32789
32811
32812
32813
32814
32815
32816
32817
32825
32826
32827
32828
32829
32830
32831
32832
32833
32834
32835
32836
32837
32838
32860
32861
32862
32863
32864
32865
32866
32874
32875
32876
32877
32878
32879
32880
32881
32882
32883
32884
32885
32886
32887
32909
32910
32911
32912
32913
32914
32915
32923
32924
32925
32926
32927
32928
32929
32930
32931
32932
32933
32934
32935
32936
32958
32959
32960
32961
32962
32963
32964
32972
32973
32974
32975
32976
32977
32978
32979
32980
32981
32982
32983
32984
32985
33007
33008
33009
33010
33011
33012
33013
33021
33022
33023
33024
33025
33026
33027
33028
33029
33030
33031
33032
33033
33034
33056
33057
33058
33059
33060
33061
33062
33070
33071
33072
33073
33074
33075
33076
33077
33078
33079
33080
33081
33082
33083
33105
33106
33107
33108
33109
33110
33111
33119
33120
33121
33122
33123
33124
33125
33126
33127
33128
33129
33130
33131
33132
33154
33155
33156
33157
33158
33159
33160
33161
33162
33163
33164
33165
33166
33167
33189
33190
33191
33192
33193
33194
33195
33203
33204
33205
33206
33207
33208
33209
33217
33218
33219
33220
33221
33222
33223
33224
33225
33226
33227
33228
33229
33230
33252
33253
33254
33255
33256
33257
33258
33259
33260
33261
33262
33263
33264
33265
33287
33288
33289
33290
33291
33292
33293
33301
33302
33303
33304
33305
33306
33307
33315
33316
33317
33318
33319
33320
33321
33322
33323
33324
33325
33326
33327
33328
33350
33351
33352
33353
33354
33355
33356
33357
33358
33359
33360
33361
33362
33363
33385
33386
33387
33388
33389
33390
33391
33399
33400
33401
33402
33403
33404
33405
33413
33414
33415
33416
33417
33418
33419
33420
33421
33422
33423
33424
33425
33426
33448
33449
33450
33451
33452
33453
33454
33462
33463
33464
33465
33466
33467
33468
33469
33470
33471
33472
33473
33474
33475
33497
33498
33499
33500
33501
33502
33503
33511
33512
33513
33514
33515
33516
33517
33518
33519
33520
33521
33522
33523
33524
33546
33547
33548
33549
33550
33551
33552
33560
33561
33562
33563
33564
33565
33566
33567
33568
33569
33570
33571
33572
33573
33595
33596
33597
33598
33599
33600
33601
33609
33610
33611
33612
33613
33614
33615
33616
33617
33618
33619
33620
33621
33622
33644
33645
33646
33647
33648
33649
33650
33658
33659
33660
33661
33662
33663
33664
33665
33666
33667
33668
33669
33670
33671
33693
33694
33695
33696
33697
33698
33699
33707
33708
33709
33710
33711
33712
33713
33714
33715
33716
33717
33718
33719
33720
33742
33743
33744
33745
33746
33747
33748
33756
33757
33758
33759
33760
33761
33762
33763
33764
33765
33766
33767
33768
33769
33791
33792
33793
33794
33795
33796
33797
33805
33806
33807
33808
33809
33810
33811
33812
33813
33814
33815
33816
33817
33818
33840
33841
33842
33843
33844
33845
33846
33854
33855
33856
33857
33858
33859
33860
33861
33862
33863
33864
33865
33866
33867
33889
33890
33891
33892
33893
33894
33895
33903
33904
33905
33906
33907
33908
33909
33910
33911
33912
33913
33914
33915
33916
33938
33939
33940
33941
33942
33943
33944
33952
33953
33954
33955
33956
33957
33958
33959
33960
33961
33962
33963
33964
33965
33987
33988
33989
33990
33991
33992
33993
34001
34002
34003
34004
34005
34006
34007
34008
34009
34010
34011
34012
34013
34014
34036
34037
34038
34039
34040
34041
34042
34050
34051
34052
34053
34054
34055
34056
34057
34058
34059
34060
34061
34062
34063
34085
34086
34087
34088
34089
34090
34091
34099
34100
34101
34102
34103
34104
34105
34106
34107
34108
34109
34110
34111
34112
34134
34135
34136
34137
34138
34139
34140
34148
34149
34150
34151
34152
34153
34154
34155
34156
34157
34158
34159
34160
34161
34183
34184
34185
34186
34187
34188
34189
34197
34198
34199
34200
34201
34202
34203
34204
34205
34206
34207
34208
34209
34210
34232
34233
34234
34235
34236
34237
34238
34246
34247
34248
34249
34250
34251
34252
34253
34254
34255
34256
34257
34258
34259
34281
34282
34283
34284
34285
34286
34287
34295
34296
34297
34298
34299
34300
34301
34302
34303
34304
34305
34306
34307
34308
34330
34331
34332
34333
34334
34335
34336
34344
34345
34346
34347
34348
34349
34350
34351
34352
34353
34354
34355
34356
34357
34379
34380
34381
34382
34383
34384
34385
34393
34394
34395
34396
34397
34398
34399
34400
34401
34402
34403
34404
34405
34406
34428
34429
34430
34431
34432
34433
34434
34442
34443
34444
34445
34446
34447
34448
34449
34450
34451
34452
34453
34454
34455
34477
34478
34479
34480
34481
34482
34483
34484
34485
34486
34487
34488
34489
34490
34512
34513
34514
34515
34516
34517
34518
34526
34527
34528
34529
34530
34531
34532
34540
34541
34542
34543
34544
34545
34546
34547
34548
34549
34550
34551
34552
34553
34575
34576
34577
34578
34579
34580
34581
34582
34583
34584
34585
34586
34587
34588
34610
34611
34612
34613
34614
34615
34616
34624
34625
34626
34627
34628
34629
34630
34638
34639
34640
34641
34642
34643
34644
34645
34646
34647
34648
34649
34650
34651
34673
34674
34675
34676
34677
34678
34679
34680
34681
34682
34683
34684
34685
34686
34708
34709
34710
34711
34712
34713
34714
34722
34723
34724
34725
34726
34727
34728
34736
34737
34738
34739
34740
34741
34742
34743
34744
34745
34746
34747
34748
34749
34771
34772
34773
34774
34775
34776
34777
34785
34786
34787
34788
34789
34790
34791
34792
34793
34794
34795
34796
34797
34798
34820
34821
34822
34823
34824
34825
34826
34834
34835
34836
34837
34838
34839
34840
34841
34842
34843
34844
34845
34846
34847
34869
34870
34871
34872
34873
34874
34875
34883
34884
34885
34886
34887
34888
34889
34890
34891
34892
34893
34894
34895
34896
34918
34919
34920
34921
34922
34923
34924
34932
34933
34934
34935
34936
34937
34938
34939
34940
34941
34942
34943
34944
34945
34967
34968
34969
34970
34971
34972
34973
34981
34982
34983
34984
34985
34986
34987
34988
34989
34990
34991
34992
34993
34994
35016
35017
35018
35019
35020
35021
35022
35030
35031
35032
35033
35034
35035
35036
35037
35038
35039
35040
35041
35042
35043
35065
35066
35067
35068
35069
35070
35071
35079
35080
35081
35082
35083
35084
35085
35086
35087
35088
35089
35090
35091
35092
35114
35115
35116
35117
35118
35119
35120
35128
35129
35130
35131
35132
35133
35134
35135
35136
35137
35138
35139
35140
35141
35163
35164
35165
35166
35167
35168
35169
35177
35178
35179
35180
35181
35182
35183
35184
35185
35186
35187
35188
35189
35190
35212
35213
35214
35215
35216
35217
35218
35226
35227
35228
35229
35230
35231
35232
35233
35234
35235
35236
35237
35238
35239
35261
35262
35263
35264
35265
35266
35267
35275
35276
35277
35278
35279
35280
35281
35282
35283
35284
35285
35286
35287
35288
35310
35311
35312
35313
35314
35315
35316
35324
35325
35326
35327
35328
35329
35330
35331
35332
35333
35334
35335
35336
35337
35359
35360
35361
35362
35363
35364
35365
35373
35374
35375
35376
35377
35378
35379
35380
35381
35382
35383
35384
35385
35386
35408
35409
35410
35411
35412
35413
35414
35422
35423
35424
35425
35426
35427
35428
35429
35430
35431
35432
35433
35434
35435
35457
35458
35459
35460
35461
35462
35463
35471
35472
35473
35474
35475
35476
35477
35478
35479
35480
35481
35482
35483
35484
35506
35507
35508
35509
35510
35511
35512
35520
35521
35522
35523
35524
35525
35526
35527
35528
35529
35530
35531
35532
35533
35555
35556
35557
35558
35559
35560
35561
35569
35570
35571
35572
35573
35574
35575
35576
35577
35578
35579
35580
35581
35582
35604
35605
35606
35607
35608
35609
35610
35618
35619
35620
35621
35622
35623
35624
35625
35626
35627
35628
35629
35630
35631
35653
35654
35655
35656
35657
35658
35659
35667
35668
35669
35670
35671
35672
35673
35674
35675
35676
35677
35678
35679
35680
35702
35703
35704
35705
35706
35707
35708
35716
35717
35718
35719
35720
35721
35722
35723
35724
35725
35726
35727
35728
35729
35751
35752
35753
35754
35755
35756
35757
35765
35766
35767
35768
35769
35770
35771
35772
35773
35774
35775
35776
35777
35778
35800
35801
35802
35803
35804
35805
35806
35807
35808
35809
35810
35811
35812
35813
35835
35836
35837
35838
35839
35840
35841
35849
35850
35851
35852
35853
35854
35855
35863
35864
35865
35866
35867
35868
35869
35870
35871
35872
35873
35874
35875
35876
35898
35899
35900
35901
35902
35903
35904
35905
35906
35907
35908
35909
35910
35911
35933
35934
35935
35936
35937
35938
35939
35947
35948
35949
35950
35951
35952
35953
35961
35962
35963
35964
35965
35966
35967
35968
35969
35970
35971
35972
35973
35974
35996
35997
35998
35999
36000
36001
36002
36003
36004
36005
36006
36007
36008
36009
36031
36032
36033
36034
36035
36036
36037
36045
36046
36047
36048
36049
36050
36051
36059
36060
36061
36062
36063
36064
36065
36066
36067
36068
36069
36070
36071
36072
36094
36095
36096
36097
36098
36099
36100
36108
36109
36110
36111
36112
36113
36114
36115
36116
36117
36118
36119
36120
36121
36143
36144
36145
36146
36147
36148
36149
36157
36158
36159
36160
36161
36162
36163
36164
36165
36166
36167
36168
36169
36170
36192
36193
36194
36195
36196
36197
36198
36206
36207
36208
36209
36210
36211
36212
36213
36214
36215
36216
36217
36218
36219
36241
36242
36243
36244
36245
36246
36247
36255
36256
36257
36258
36259
36260
36261
36262
36263
36264
36265
36266
36267
36268
36290
36291
36292
36293
36294
36295
36296
36304
36305
36306
36307
36308
36309
36310
36311
36312
36313
36314
36315
36316
36317
36339
36340
36341
36342
36343
36344
36345
36353
36354
36355
36356
36357
36358
36359
36360
36361
36362
36363
36364
36365
36366
36388
36389
36390
36391
36392
36393
36394
36402
36403
36404
36405
36406
36407
36408
36409
36410
36411
36412
36413
36414
36415
36437
36438
36439
36440
36441
36442
36443
36451
36452
36453
36454
36455
36456
36457
36458
36459
36460
36461
36462
36463
36464
36486
36487
36488
36489
36490
36491
36492
36500
36501
36502
36503
36504
36505
36506
36507
36508
36509
36510
36511
36512
36513
36535
36536
36537
36538
36539
36540
36541
36549
36550
36551
36552
36553
36554
36555
36556
36557
36558
36559
36560
36561
36562
36584
36585
36586
36587
36588
36589
36590
36598
36599
36600
36601
36602
36603
36604
36605
36606
36607
36608
36609
36610
36611
36633
36634
36635
36636
36637
36638
36639
36647
36648
36649
36650
36651
36652
36653
36654
36655
36656
36657
36658
36659
36660
36682
36683
36684
36685
36686
36687
36688
36696
36697
36698
36699
36700
36701
36702
36703
36704
36705
36706
36707
36708
36709
36731
36732
36733
36734
36735
36736
36737
36745
36746
36747
36748
36749
36750
36751
36752
36753
36754
36755
36756
36757
36758
36780
36781
36782
36783
36784
36785
36786
36794
36795
36796
36797
36798
36799
36800
36801
36802
36803
36804
36805
36806
36807
36829
36830
36831
36832
36833
36834
36835
36843
36844
36845
36846
36847
36848
36849
36850
36851
36852
36853
36854
36855
36856
36878
36879
36880
36881
36882
36883
36884
36892
36893
36894
36895
36896
36897
36898
36899
36900
36901
36902
36903
36904
36905
36927
36928
36929
36930
36931
36932
36933
36941
36942
36943
36944
36945
36946
36947
36948
36949
36950
36951
36952
36953
36954
36976
36977
36978
36979
36980
36981
36982
36990
36991
36992
36993
36994
36995
36996
36997
36998
36999
37000
37001
37002
37003
37025
37026
37027
37028
37029
37030
37031
37039
37040
37041
37042
37043
37044
37045
37046
37047
37048
37049
37050
37051
37052
37074
37075
37076
37077
37078
37079
37080
37088
37089
37090
37091
37092
37093
37094
37095
37096
37097
37098
37099
37100
37101
37123
37124
37125
37126
37127
37128
37129
37130
37131
37132
37133
37134
37135
37136
37158
37159
37160
37161
37162
37163
37164
37172
37173
37174
37175
37176
37177
37178
37186
37187
37188
37189
37190
37191
37192
37193
37194
37195
37196
37197
37198
37199
37221
37222
37223
37224
37225
37226
37227
37228
37229
37230
37231
37232
37233
37234
37256
37257
37258
37259
37260
37261
37262
37270
37271
37272
37273
37274
37275
37276
37284
37285
37286
37287
37288
37289
37290
37291
37292
37293
37294
37295
37296
37297
37319
37320
37321
37322
37323
37324
37325
37326
37327
37328
37329
37330
37331
37332
37347
37348
37349
37350
37351
37352
37353
37368
37369
37370
37371
37372
37373
37374
37375
37376
37377
37378
37379
37380
37381
37403
37404
37405
37406
37407
37408
37409
37417
37418
37419
37420
37421
37422
37423
37431
37432
37433
37434
37435
37436
37437
37438
37439
37440
37441
37442
37443
37444
37466
37467
37468
37469
37470
37471
37472
37473
37474
37475
37476
37477
37478
37479
37501
37502
37503
37504
37505
37506
37507
37515
37516
37517
37518
37519
37520
37521
37522
37523
37524
37525
37526
37527
37528
37550
37551
37552
37553
37554
37555
37556
37564
37565
37566
37567
37568
37569
37570
37578
37579
37580
37581
37582
37583
37584
37585
37586
37587
37588
37589
37590
37591
37613
37614
37615
37616
37617
37618
37619
37620
37621
37622
37623
37624
37625
37626
37648
37649
37650
37651
37652
37653
37654
37662
37663
37664
37665
37666
37667
37668
37669
37670
37671
37672
37673
37674
37675
37697
37698
37699
37700
37701
37702
37703
37711
37712
37713
37714
37715
37716
37717
37725
37726
37727
37728
37729
37730
37731
37732
37733
37734
37735
37736
37737
37738
37760
37761
37762
37763
37764
37765
37766
37767
37768
37769
37770
37771
37772
37773
37795
37796
37797
37798
37799
37800
37801
37809
37810
37811
37812
37813
37814
37815
37816
37817
37818
37819
37820
37821
37822
37844
37845
37846
37847
37848
37849
37850
37858
37859
37860
37861
37862
37863
37864
37872
37873
37874
37875
37876
37877
37878
37879
37880
37881
37882
37883
37884
37885
37907
37908
37909
37910
37911
37912
37913
37914
37915
37916
37917
37918
37919
37920
37942
37943
37944
37945
37946
37947
37948
37956
37957
37958
37959
37960
37961
37962
37963
37964
37965
37966
37967
37968
37969
37991
37992
37993
37994
37995
37996
37997
38005
38006
38007
38008
38009
38010
38011
38019
38020
38021
38022
38023
38024
38025
38026
38027
38028
38029
38030
38031
38032
38054
38055
38056
38057
38058
38059
38060
38061
38062
38063
38064
38065
38066
38067
38089
38090
38091
38092
38093
38094
38095
38103
38104
38105
38106
38107
38108
38109
38110
38111
38112
38113
38114
38115
38116
38138
38139
38140
38141
38142
38143
38144
38152
38153
38154
38155
38156
38157
38158
38166
38167
38168
38169
38170
38171
38172
38173
38174
38175
38176
38177
38178
38179
38201
38202
38203
38204
38205
38206
38207
38208
38209
38210
38211
38212
38213
38214
38236
38237
38238
38239
38240
38241
38242
38250
38251
38252
38253
38254
38255
38256
38257
38258
38259
38260
38261
38262
38263
38285
38286
38287
38288
38289
38290
38291
38299
38300
38301
38302
38303
38304
38305
38313
38314
38315
38316
38317
38318
38319
38320
38321
38322
38323
38324
38325
38326
38348
38349
38350
38351
38352
38353
38354
38355
38356
38357
38358
38359
38360
38361
38383
38384
38385
38386
38387
38388
38389
38397
38398
38399
38400
38401
38402
38403
38404
38405
38406
38407
38408
38409
38410
38432
38433
38434
38435
38436
38437
38438
38446
38447
38448
38449
38450
38451
38452
38453
38454
38455
38456
38457
38458
38459
38481
38482
38483
38484
38485
38486
38487
38495
38496
38497
38498
38499
38500
38501
38502
38503
38504
38505
38506
38507
38508
38530
38531
38532
38533
38534
38535
38536
38544
38545
38546
38547
38548
38549
38550
38551
38552
38553
38554
38555
38556
38557
38572
38573
38574
38575
38576
38577
38578
38593
38594
38595
38596
38597
38598
38599
38600
38601
38602
38603
38604
38605
38606
38607
38608
38609
38610
38611
38612
38613
38614
38615
38616
38617
38618
38619
38620
38621
38622
38623
38624
38625
38626
38627
38628
38629
38630
38631
38632
38633
38634
38635
38636
38637
38638
38639
38640
38641
38642
38643
38644
38645
38646
38647
38648
38649
38650
38651
38652
38653
38654
38655
38656
38657
38658
38659
38660
38661
38662
41120
41121
41122
41123
41124
41125
41126
41141
41142
41143
41144
41145
41146
41147
41169
41170
41171
41172
41173
41174
41175
41197
41198
41199
41200
41201
41202
41203
41204
41205
41206
41207
41208
41209
41210
41225
41226
41227
41228
41229
41230
41231
41246
41247
41248
41249
41250
41251
41252
41253
41254
41255
41256
41257
41258
41259
41274
41275
41276
41277
41278
41279
41280
41295
41296
41297
41298
41299
41300
41301
41302
41303
41304
41305
41306
41307
41308
41323
41324
41325
41326
41327
41328
41329
41344
41345
41346
41347
41348
41349
41350
41351
41352
41353
41354
41355
41356
41357
41372
41373
41374
41375
41376
41377
41378
41393
41394
41395
41396
41397
41398
41399
41400
41401
41402
41403
41404
41405
41406
41421
41422
41423
41424
41425
41426
41427
41442
41443
41444
41445
41446
41447
41448
41449
41450
41451
41452
41453
41454
41455
41470
41471
41472
41473
41474
41475
41476
41491
41492
41493
41494
41495
41496
41497
41498
41499
41500
41501
41502
41503
41504
41519
41520
41521
41522
41523
41524
41525
41540
41541
41542
41543
41544
41545
41546
41547
41548
41549
41550
41551
41552
41553
41694
41695
41696
41697
41698
41699
41700
41743
41744
41745
41746
41747
41748
41749
41764
41765
41766
41767
41768
41769
41770
41778
41779
41780
41781
41782
41783
41784
41792
41793
41794
41795
41796
41797
41798
41806
41807
41808
41809
41810
41811
41812
41820
41821
41822
41823
41824
41825
41826
41834
41835
41836
41837
41838
41839
41840
41848
41849
41850
41851
41852
41853
41854
41862
41863
41864
41865
41866
41867
41868
41876
41877
41878
41879
41880
41881
41882
41890
41891
41892
41893
41894
41895
41896
41904
41905
41906
41907
41908
41909
41910
41918
41919
41920
41921
41922
41923
41924
41932
41933
41934
41935
41936
41937
41938
41946
41947
41948
41949
41950
41951
41952
41960
41961
41962
41963
41964
41965
41966
41974
41975
41976
41977
41978
41979
41980
41988
41989
41990
41991
41992
41993
41994
42002
42003
42004
42005
42006
42007
42008
42016
42017
42018
42019
42020
42021
42022
42030
42031
42032
42033
42034
42035
42036
42464
42465
42466
42467
42468
42469
42470
42478
42479
42480
42481
42482
42483
42484
42492
42493
42494
42495
42496
42497
42498
42506
42507
42508
42509
42510
42511
42512
42562
42563
42564
42565
42566
42567
42568
42576
42577
42578
42579
42580
42581
42582
42590
42591
42592
42593
42594
42595
42596
42604
42605
42606
42607
42608
42609
42610
42660
42661
42662
42663
42664
42665
42666
42674
42675
42676
42677
42678
42679
42680
42688
42689
42690
42691
42692
42693
42694
42702
42703
42704
42705
42706
42707
42708
42758
42759
42760
42761
42762
42763
42764
42772
42773
42774
42775
42776
42777
42778
42786
42787
42788
42789
42790
42791
42792
42800
42801
42802
42803
42804
42805
42806
42856
42857
42858
42859
42860
42861
42862
42870
42871
42872
42873
42874
42875
42876
42884
42885
42886
42887
42888
42889
42890
42898
42899
42900
42901
42902
42903
42904
42954
42955
42956
42957
42958
42959
42960
42968
42969
42970
42971
42972
42973
42974
42982
42983
42984
42985
42986
42987
42988
42996
42997
42998
42999
43000
43001
43002
43052
43053
43054
43055
43056
43057
43058
43066
43067
43068
43069
43070
43071
43072
43080
43081
43082
43083
43084
43085
43086
43094
43095
43096
43097
43098
43099
43100
43150
43151
43152
43153
43154
43155
43156
43164
43165
43166
43167
43168
43169
43170
43178
43179
43180
43181
43182
43183
43184
43192
43193
43194
43195
43196
43197
43198
43248
43249
43250
43251
43252
43253
43254
43262
43263
43264
43265
43266
43267
43268
43276
43277
43278
43279
43280
43281
43282
43290
43291
43292
43293
43294
43295
43296
43346
43347
43348
43349
43350
43351
43352
43360
43361
43362
43363
43364
43365
43366
43374
43375
43376
43377
43378
43379
43380
43388
43389
43390
43391
43392
43393
43394
43444
43445
43446
43447
43448
43449
43450
43458
43459
43460
43461
43462
43463
43464
43472
43473
43474
43475
43476
43477
43478
43486
43487
43488
43489
43490
43491
43492
43990
43991
43992
43993
43994
43995
43996
44004
44005
44006
44007
44008
44009
44010
44039
44040
44041
44042
44043
44044
44045
44053
44054
44055
44056
44057
44058
44059
44095
44096
44097
44098
44099
44100
44101
44109
44110
44111
44112
44113
44114
44115
44151
44152
44153
44154
44155
44156
44157
44165
44166
44167
44168
44169
44170
44171
44207
44208
44209
44210
44211
44212
44213
44221
44222
44223
44224
44225
44226
44227
44263
44264
44265
44266
44267
44268
44269
44277
44278
44279
44280
44281
44282
44283
44319
44320
44321
44322
44323
44324
44325
44333
44334
44335
44336
44337
44338
44339
44375
44376
44377
44378
44379
44380
44381
44389
44390
44391
44392
44393
44394
44395
44431
44432
44433
44434
44435
44436
44437
44445
44446
44447
44448
44449
44450
44451
44487
44488
44489
44490
44491
44492
44493
44501
44502
44503
44504
44505
44506
44507
44543
44544
44545
44546
44547
44548
44549
45922
45923
45924
45925
45926
45927
45928
45999
46000
46001
46002
46003
46004
46005
46076
46077
46078
46079
46080
46081
46082
46153
46154
46155
46156
46157
46158
46159
46230
46231
46232
46233
46234
46235
46236
46307
46308
46309
46310
46311
46312
46313
46384
46385
46386
46387
46388
46389
46390
46461
46462
46463
46464
46465
46466
46467
51277
51278
51279
51280
51281
51282
51283
51298
51299
51300
51301
51302
51303
51304
51599
51600
51601
51602
51603
51604
51605
51648
51649
51650
51651
51652
51653
51654
51669
51670
51671
51672
51673
51674
51675
51718
51719
51720
51721
51722
51723
51724
51767
51768
51769
51770
51771
51772
51773
51788
51789
51790
51791
51792
51793
51794
51837
51838
51839
51840
51841
51842
51843
51886
51887
51888
51889
51890
51891
51892
51907
51908
51909
51910
51911
51912
51913
51956
51957
51958
51959
51960
51961
51962
52005
52006
52007
52008
52009
52010
52011
52026
52027
52028
52029
52030
52031
52032
52075
52076
52077
52078
52079
52080
52081
52124
52125
52126
52127
52128
52129
52130
52145
52146
52147
52148
52149
52150
52151
52194
52195
52196
52197
52198
52199
52200
52243
52244
52245
52246
52247
52248
52249
52264
52265
52266
52267
52268
52269
52270
52313
52314
52315
52316
52317
52318
52319
52362
52363
52364
52365
52366
52367
52368
52383
52384
52385
52386
52387
52388
52389
52810
52811
52812
52813
52814
52815
52816
52880
52881
52882
52883
52884
52885
52886
53797
53798
53799
53800
53801
53802
53803
53804
53805
53806
53807
53808
53809
53810
53811
53812
53813
53814
53815
53816
53817
54238
54239
54240
54241
54242
54243
54244
54245
54246
54247
54248
54249
54250
54251
)


// ************************************************************************* //
