/*--------------------------------*- C++ -*----------------------------------*\
| =========                 |                                                 |
| \\      /  F ield         | OpenFOAM: The Open Source CFD Toolbox           |
|  \\    /   O peration     | Version:  2512                                  |
|   \\  /    A nd           | Website:  www.openfoam.com                      |
|    \\/     M anipulation  |                                                 |
\*---------------------------------------------------------------------------*/
FoamFile
{
    version     2.0;
    format      ascii;
    arch        "LSB;label=32;scalar=64";
    class       faceList;
    location    "constant/solid_2/polyMesh";
    object      faces;
}
// * * * * * * * * * * * * * * * * * * * * * * * * * * * * * * * * * * * * * //


2470
(
4(122 132 742 732)
4(1 62 742 132)
4(123 133 743 733)
4(132 742 743 133)
4(124 134 744 734)
4(133 743 744 134)
4(125 135 745 735)
4(134 744 745 135)
4(126 136 746 736)
4(135 745 746 136)
4(127 137 747 737)
4(136 746 747 137)
4(128 138 748 738)
4(137 747 748 138)
4(129 139 749 739)
4(138 748 749 139)
4(130 140 750 740)
4(139 749 750 140)
4(140 750 751 141)
4(132 142 752 742)
4(2 63 752 142)
4(133 143 753 743)
4(142 752 753 143)
4(134 144 754 744)
4(143 753 754 144)
4(135 145 755 745)
4(144 754 755 145)
4(136 146 756 746)
4(145 755 756 146)
4(137 147 757 747)
4(146 756 757 147)
4(138 148 758 748)
4(147 757 758 148)
4(139 149 759 749)
4(148 758 759 149)
4(140 150 760 750)
4(149 759 760 150)
4(150 760 761 151)
4(142 152 762 752)
4(3 64 762 152)
4(143 153 763 753)
4(152 762 763 153)
4(144 154 764 754)
4(153 763 764 154)
4(145 155 765 755)
4(154 764 765 155)
4(146 156 766 756)
4(155 765 766 156)
4(147 157 767 757)
4(156 766 767 157)
4(148 158 768 758)
4(157 767 768 158)
4(149 159 769 759)
4(158 768 769 159)
4(150 160 770 760)
4(159 769 770 160)
4(160 770 771 161)
4(152 162 772 762)
4(4 65 772 162)
4(153 163 773 763)
4(162 772 773 163)
4(154 164 774 764)
4(163 773 774 164)
4(155 165 775 765)
4(164 774 775 165)
4(156 166 776 766)
4(165 775 776 166)
4(157 167 777 767)
4(166 776 777 167)
4(158 168 778 768)
4(167 777 778 168)
4(159 169 779 769)
4(168 778 779 169)
4(160 170 780 770)
4(169 779 780 170)
4(170 780 781 171)
4(162 172 782 772)
4(5 66 782 172)
4(163 173 783 773)
4(172 782 783 173)
4(164 174 784 774)
4(173 783 784 174)
4(165 175 785 775)
4(174 784 785 175)
4(166 176 786 776)
4(175 785 786 176)
4(167 177 787 777)
4(176 786 787 177)
4(168 178 788 778)
4(177 787 788 178)
4(169 179 789 779)
4(178 788 789 179)
4(170 180 790 780)
4(179 789 790 180)
4(180 790 791 181)
4(172 182 792 782)
4(6 67 792 182)
4(173 183 793 783)
4(182 792 793 183)
4(174 184 794 784)
4(183 793 794 184)
4(175 185 795 785)
4(184 794 795 185)
4(176 186 796 786)
4(185 795 796 186)
4(177 187 797 787)
4(186 796 797 187)
4(178 188 798 788)
4(187 797 798 188)
4(179 189 799 789)
4(188 798 799 189)
4(180 190 800 790)
4(189 799 800 190)
4(190 800 801 191)
4(182 192 802 792)
4(7 68 802 192)
4(183 193 803 793)
4(192 802 803 193)
4(184 194 804 794)
4(193 803 804 194)
4(185 195 805 795)
4(194 804 805 195)
4(186 196 806 796)
4(195 805 806 196)
4(187 197 807 797)
4(196 806 807 197)
4(188 198 808 798)
4(197 807 808 198)
4(189 199 809 799)
4(198 808 809 199)
4(190 200 810 800)
4(199 809 810 200)
4(200 810 811 201)
4(192 202 812 802)
4(8 69 812 202)
4(193 203 813 803)
4(202 812 813 203)
4(194 204 814 804)
4(203 813 814 204)
4(195 205 815 805)
4(204 814 815 205)
4(196 206 816 806)
4(205 815 816 206)
4(197 207 817 807)
4(206 816 817 207)
4(198 208 818 808)
4(207 817 818 208)
4(199 209 819 809)
4(208 818 819 209)
4(200 210 820 810)
4(209 819 820 210)
4(210 820 821 211)
4(202 212 822 812)
4(9 70 822 212)
4(203 213 823 813)
4(212 822 823 213)
4(204 214 824 814)
4(213 823 824 214)
4(205 215 825 815)
4(214 824 825 215)
4(206 216 826 816)
4(215 825 826 216)
4(207 217 827 817)
4(216 826 827 217)
4(208 218 828 818)
4(217 827 828 218)
4(209 219 829 819)
4(218 828 829 219)
4(210 220 830 820)
4(219 829 830 220)
4(220 830 831 221)
4(212 222 832 822)
4(10 71 832 222)
4(213 223 833 823)
4(222 832 833 223)
4(214 224 834 824)
4(223 833 834 224)
4(215 225 835 825)
4(224 834 835 225)
4(216 226 836 826)
4(225 835 836 226)
4(217 227 837 827)
4(226 836 837 227)
4(218 228 838 828)
4(227 837 838 228)
4(219 229 839 829)
4(228 838 839 229)
4(220 230 840 830)
4(229 839 840 230)
4(230 840 841 231)
4(222 232 842 832)
4(11 72 842 232)
4(223 233 843 833)
4(232 842 843 233)
4(224 234 844 834)
4(233 843 844 234)
4(225 235 845 835)
4(234 844 845 235)
4(226 236 846 836)
4(235 845 846 236)
4(227 237 847 837)
4(236 846 847 237)
4(228 238 848 838)
4(237 847 848 238)
4(229 239 849 839)
4(238 848 849 239)
4(230 240 850 840)
4(239 849 850 240)
4(240 850 851 241)
4(232 242 852 842)
4(12 73 852 242)
4(233 243 853 843)
4(242 852 853 243)
4(234 244 854 844)
4(243 853 854 244)
4(235 245 855 845)
4(244 854 855 245)
4(236 246 856 846)
4(245 855 856 246)
4(237 247 857 847)
4(246 856 857 247)
4(238 248 858 848)
4(247 857 858 248)
4(239 249 859 849)
4(248 858 859 249)
4(240 250 860 850)
4(249 859 860 250)
4(250 860 861 251)
4(242 252 862 852)
4(13 74 862 252)
4(243 253 863 853)
4(252 862 863 253)
4(244 254 864 854)
4(253 863 864 254)
4(245 255 865 855)
4(254 864 865 255)
4(246 256 866 856)
4(255 865 866 256)
4(247 257 867 857)
4(256 866 867 257)
4(248 258 868 858)
4(257 867 868 258)
4(249 259 869 859)
4(258 868 869 259)
4(250 260 870 860)
4(259 869 870 260)
4(260 870 871 261)
4(252 262 872 862)
4(14 75 872 262)
4(253 263 873 863)
4(262 872 873 263)
4(254 264 874 864)
4(263 873 874 264)
4(255 265 875 865)
4(264 874 875 265)
4(256 266 876 866)
4(265 875 876 266)
4(257 267 877 867)
4(266 876 877 267)
4(258 268 878 868)
4(267 877 878 268)
4(259 269 879 869)
4(268 878 879 269)
4(260 270 880 870)
4(269 879 880 270)
4(270 880 881 271)
4(262 272 882 872)
4(15 76 882 272)
4(263 273 883 873)
4(272 882 883 273)
4(264 274 884 874)
4(273 883 884 274)
4(265 275 885 875)
4(274 884 885 275)
4(266 276 886 876)
4(275 885 886 276)
4(267 277 887 877)
4(276 886 887 277)
4(268 278 888 878)
4(277 887 888 278)
4(269 279 889 879)
4(278 888 889 279)
4(270 280 890 880)
4(279 889 890 280)
4(280 890 891 281)
4(272 282 892 882)
4(16 77 892 282)
4(273 283 893 883)
4(282 892 893 283)
4(274 284 894 884)
4(283 893 894 284)
4(275 285 895 885)
4(284 894 895 285)
4(276 286 896 886)
4(285 895 896 286)
4(277 287 897 887)
4(286 896 897 287)
4(278 288 898 888)
4(287 897 898 288)
4(279 289 899 889)
4(288 898 899 289)
4(280 290 900 890)
4(289 899 900 290)
4(290 900 901 291)
4(282 292 902 892)
4(17 78 902 292)
4(283 293 903 893)
4(292 902 903 293)
4(284 294 904 894)
4(293 903 904 294)
4(285 295 905 895)
4(294 904 905 295)
4(286 296 906 896)
4(295 905 906 296)
4(287 297 907 897)
4(296 906 907 297)
4(288 298 908 898)
4(297 907 908 298)
4(289 299 909 899)
4(298 908 909 299)
4(290 300 910 900)
4(299 909 910 300)
4(300 910 911 301)
4(292 302 912 902)
4(18 79 912 302)
4(293 303 913 903)
4(302 912 913 303)
4(294 304 914 904)
4(303 913 914 304)
4(295 305 915 905)
4(304 914 915 305)
4(296 306 916 906)
4(305 915 916 306)
4(297 307 917 907)
4(306 916 917 307)
4(298 308 918 908)
4(307 917 918 308)
4(299 309 919 909)
4(308 918 919 309)
4(300 310 920 910)
4(309 919 920 310)
4(310 920 921 311)
4(302 312 922 912)
4(19 80 922 312)
4(303 313 923 913)
4(312 922 923 313)
4(304 314 924 914)
4(313 923 924 314)
4(305 315 925 915)
4(314 924 925 315)
4(306 316 926 916)
4(315 925 926 316)
4(307 317 927 917)
4(316 926 927 317)
4(308 318 928 918)
4(317 927 928 318)
4(309 319 929 919)
4(318 928 929 319)
4(310 320 930 920)
4(319 929 930 320)
4(320 930 931 321)
4(312 322 932 922)
4(20 81 932 322)
4(313 323 933 923)
4(322 932 933 323)
4(314 324 934 924)
4(323 933 934 324)
4(315 325 935 925)
4(324 934 935 325)
4(316 326 936 926)
4(325 935 936 326)
4(317 327 937 927)
4(326 936 937 327)
4(318 328 938 928)
4(327 937 938 328)
4(319 329 939 929)
4(328 938 939 329)
4(320 330 940 930)
4(329 939 940 330)
4(330 940 941 331)
4(322 332 942 932)
4(21 82 942 332)
4(323 333 943 933)
4(332 942 943 333)
4(324 334 944 934)
4(333 943 944 334)
4(325 335 945 935)
4(334 944 945 335)
4(326 336 946 936)
4(335 945 946 336)
4(327 337 947 937)
4(336 946 947 337)
4(328 338 948 938)
4(337 947 948 338)
4(329 339 949 939)
4(338 948 949 339)
4(330 340 950 940)
4(339 949 950 340)
4(340 950 951 341)
4(332 342 952 942)
4(22 83 952 342)
4(333 343 953 943)
4(342 952 953 343)
4(334 344 954 944)
4(343 953 954 344)
4(335 345 955 945)
4(344 954 955 345)
4(336 346 956 946)
4(345 955 956 346)
4(337 347 957 947)
4(346 956 957 347)
4(338 348 958 948)
4(347 957 958 348)
4(339 349 959 949)
4(348 958 959 349)
4(340 350 960 950)
4(349 959 960 350)
4(350 960 961 351)
4(342 352 962 952)
4(23 84 962 352)
4(343 353 963 953)
4(352 962 963 353)
4(344 354 964 954)
4(353 963 964 354)
4(345 355 965 955)
4(354 964 965 355)
4(346 356 966 956)
4(355 965 966 356)
4(347 357 967 957)
4(356 966 967 357)
4(348 358 968 958)
4(357 967 968 358)
4(349 359 969 959)
4(358 968 969 359)
4(350 360 970 960)
4(359 969 970 360)
4(360 970 971 361)
4(352 362 972 962)
4(24 85 972 362)
4(353 363 973 963)
4(362 972 973 363)
4(354 364 974 964)
4(363 973 974 364)
4(355 365 975 965)
4(364 974 975 365)
4(356 366 976 966)
4(365 975 976 366)
4(357 367 977 967)
4(366 976 977 367)
4(358 368 978 968)
4(367 977 978 368)
4(359 369 979 969)
4(368 978 979 369)
4(360 370 980 970)
4(369 979 980 370)
4(370 980 981 371)
4(362 372 982 972)
4(25 86 982 372)
4(363 373 983 973)
4(372 982 983 373)
4(364 374 984 974)
4(373 983 984 374)
4(365 375 985 975)
4(374 984 985 375)
4(366 376 986 976)
4(375 985 986 376)
4(367 377 987 977)
4(376 986 987 377)
4(368 378 988 978)
4(377 987 988 378)
4(369 379 989 979)
4(378 988 989 379)
4(370 380 990 980)
4(379 989 990 380)
4(380 990 991 381)
4(372 382 992 982)
4(26 87 992 382)
4(373 383 993 983)
4(382 992 993 383)
4(374 384 994 984)
4(383 993 994 384)
4(375 385 995 985)
4(384 994 995 385)
4(376 386 996 986)
4(385 995 996 386)
4(377 387 997 987)
4(386 996 997 387)
4(378 388 998 988)
4(387 997 998 388)
4(379 389 999 989)
4(388 998 999 389)
4(380 390 1000 990)
4(389 999 1000 390)
4(390 1000 1001 391)
4(382 392 1002 992)
4(27 88 1002 392)
4(383 393 1003 993)
4(392 1002 1003 393)
4(384 394 1004 994)
4(393 1003 1004 394)
4(385 395 1005 995)
4(394 1004 1005 395)
4(386 396 1006 996)
4(395 1005 1006 396)
4(387 397 1007 997)
4(396 1006 1007 397)
4(388 398 1008 998)
4(397 1007 1008 398)
4(389 399 1009 999)
4(398 1008 1009 399)
4(390 400 1010 1000)
4(399 1009 1010 400)
4(400 1010 1011 401)
4(392 402 1012 1002)
4(28 89 1012 402)
4(393 403 1013 1003)
4(402 1012 1013 403)
4(394 404 1014 1004)
4(403 1013 1014 404)
4(395 405 1015 1005)
4(404 1014 1015 405)
4(396 406 1016 1006)
4(405 1015 1016 406)
4(397 407 1017 1007)
4(406 1016 1017 407)
4(398 408 1018 1008)
4(407 1017 1018 408)
4(399 409 1019 1009)
4(408 1018 1019 409)
4(400 410 1020 1010)
4(409 1019 1020 410)
4(410 1020 1021 411)
4(402 412 1022 1012)
4(29 90 1022 412)
4(403 413 1023 1013)
4(412 1022 1023 413)
4(404 414 1024 1014)
4(413 1023 1024 414)
4(405 415 1025 1015)
4(414 1024 1025 415)
4(406 416 1026 1016)
4(415 1025 1026 416)
4(407 417 1027 1017)
4(416 1026 1027 417)
4(408 418 1028 1018)
4(417 1027 1028 418)
4(409 419 1029 1019)
4(418 1028 1029 419)
4(410 420 1030 1020)
4(419 1029 1030 420)
4(420 1030 1031 421)
4(412 422 1032 1022)
4(30 91 1032 422)
4(413 423 1033 1023)
4(422 1032 1033 423)
4(414 424 1034 1024)
4(423 1033 1034 424)
4(415 425 1035 1025)
4(424 1034 1035 425)
4(416 426 1036 1026)
4(425 1035 1036 426)
4(417 427 1037 1027)
4(426 1036 1037 427)
4(418 428 1038 1028)
4(427 1037 1038 428)
4(419 429 1039 1029)
4(428 1038 1039 429)
4(420 430 1040 1030)
4(429 1039 1040 430)
4(430 1040 1041 431)
4(422 432 1042 1032)
4(31 92 1042 432)
4(423 433 1043 1033)
4(432 1042 1043 433)
4(424 434 1044 1034)
4(433 1043 1044 434)
4(425 435 1045 1035)
4(434 1044 1045 435)
4(426 436 1046 1036)
4(435 1045 1046 436)
4(427 437 1047 1037)
4(436 1046 1047 437)
4(428 438 1048 1038)
4(437 1047 1048 438)
4(429 439 1049 1039)
4(438 1048 1049 439)
4(430 440 1050 1040)
4(439 1049 1050 440)
4(440 1050 1051 441)
4(432 442 1052 1042)
4(32 93 1052 442)
4(433 443 1053 1043)
4(442 1052 1053 443)
4(434 444 1054 1044)
4(443 1053 1054 444)
4(435 445 1055 1045)
4(444 1054 1055 445)
4(436 446 1056 1046)
4(445 1055 1056 446)
4(437 447 1057 1047)
4(446 1056 1057 447)
4(438 448 1058 1048)
4(447 1057 1058 448)
4(439 449 1059 1049)
4(448 1058 1059 449)
4(440 450 1060 1050)
4(449 1059 1060 450)
4(450 1060 1061 451)
4(442 452 1062 1052)
4(33 94 1062 452)
4(443 453 1063 1053)
4(452 1062 1063 453)
4(444 454 1064 1054)
4(453 1063 1064 454)
4(445 455 1065 1055)
4(454 1064 1065 455)
4(446 456 1066 1056)
4(455 1065 1066 456)
4(447 457 1067 1057)
4(456 1066 1067 457)
4(448 458 1068 1058)
4(457 1067 1068 458)
4(449 459 1069 1059)
4(458 1068 1069 459)
4(450 460 1070 1060)
4(459 1069 1070 460)
4(460 1070 1071 461)
4(452 462 1072 1062)
4(34 95 1072 462)
4(453 463 1073 1063)
4(462 1072 1073 463)
4(454 464 1074 1064)
4(463 1073 1074 464)
4(455 465 1075 1065)
4(464 1074 1075 465)
4(456 466 1076 1066)
4(465 1075 1076 466)
4(457 467 1077 1067)
4(466 1076 1077 467)
4(458 468 1078 1068)
4(467 1077 1078 468)
4(459 469 1079 1069)
4(468 1078 1079 469)
4(460 470 1080 1070)
4(469 1079 1080 470)
4(470 1080 1081 471)
4(462 472 1082 1072)
4(35 96 1082 472)
4(463 473 1083 1073)
4(472 1082 1083 473)
4(464 474 1084 1074)
4(473 1083 1084 474)
4(465 475 1085 1075)
4(474 1084 1085 475)
4(466 476 1086 1076)
4(475 1085 1086 476)
4(467 477 1087 1077)
4(476 1086 1087 477)
4(468 478 1088 1078)
4(477 1087 1088 478)
4(469 479 1089 1079)
4(478 1088 1089 479)
4(470 480 1090 1080)
4(479 1089 1090 480)
4(480 1090 1091 481)
4(472 482 1092 1082)
4(36 97 1092 482)
4(473 483 1093 1083)
4(482 1092 1093 483)
4(474 484 1094 1084)
4(483 1093 1094 484)
4(475 485 1095 1085)
4(484 1094 1095 485)
4(476 486 1096 1086)
4(485 1095 1096 486)
4(477 487 1097 1087)
4(486 1096 1097 487)
4(478 488 1098 1088)
4(487 1097 1098 488)
4(479 489 1099 1089)
4(488 1098 1099 489)
4(480 490 1100 1090)
4(489 1099 1100 490)
4(490 1100 1101 491)
4(482 492 1102 1092)
4(37 98 1102 492)
4(483 493 1103 1093)
4(492 1102 1103 493)
4(484 494 1104 1094)
4(493 1103 1104 494)
4(485 495 1105 1095)
4(494 1104 1105 495)
4(486 496 1106 1096)
4(495 1105 1106 496)
4(487 497 1107 1097)
4(496 1106 1107 497)
4(488 498 1108 1098)
4(497 1107 1108 498)
4(489 499 1109 1099)
4(498 1108 1109 499)
4(490 500 1110 1100)
4(499 1109 1110 500)
4(500 1110 1111 501)
4(492 502 1112 1102)
4(38 99 1112 502)
4(493 503 1113 1103)
4(502 1112 1113 503)
4(494 504 1114 1104)
4(503 1113 1114 504)
4(495 505 1115 1105)
4(504 1114 1115 505)
4(496 506 1116 1106)
4(505 1115 1116 506)
4(497 507 1117 1107)
4(506 1116 1117 507)
4(498 508 1118 1108)
4(507 1117 1118 508)
4(499 509 1119 1109)
4(508 1118 1119 509)
4(500 510 1120 1110)
4(509 1119 1120 510)
4(510 1120 1121 511)
4(502 512 1122 1112)
4(39 100 1122 512)
4(503 513 1123 1113)
4(512 1122 1123 513)
4(504 514 1124 1114)
4(513 1123 1124 514)
4(505 515 1125 1115)
4(514 1124 1125 515)
4(506 516 1126 1116)
4(515 1125 1126 516)
4(507 517 1127 1117)
4(516 1126 1127 517)
4(508 518 1128 1118)
4(517 1127 1128 518)
4(509 519 1129 1119)
4(518 1128 1129 519)
4(510 520 1130 1120)
4(519 1129 1130 520)
4(520 1130 1131 521)
4(512 522 1132 1122)
4(40 101 1132 522)
4(513 523 1133 1123)
4(522 1132 1133 523)
4(514 524 1134 1124)
4(523 1133 1134 524)
4(515 525 1135 1125)
4(524 1134 1135 525)
4(516 526 1136 1126)
4(525 1135 1136 526)
4(517 527 1137 1127)
4(526 1136 1137 527)
4(518 528 1138 1128)
4(527 1137 1138 528)
4(519 529 1139 1129)
4(528 1138 1139 529)
4(520 530 1140 1130)
4(529 1139 1140 530)
4(530 1140 1141 531)
4(522 532 1142 1132)
4(41 102 1142 532)
4(523 533 1143 1133)
4(532 1142 1143 533)
4(524 534 1144 1134)
4(533 1143 1144 534)
4(525 535 1145 1135)
4(534 1144 1145 535)
4(526 536 1146 1136)
4(535 1145 1146 536)
4(527 537 1147 1137)
4(536 1146 1147 537)
4(528 538 1148 1138)
4(537 1147 1148 538)
4(529 539 1149 1139)
4(538 1148 1149 539)
4(530 540 1150 1140)
4(539 1149 1150 540)
4(540 1150 1151 541)
4(532 542 1152 1142)
4(42 103 1152 542)
4(533 543 1153 1143)
4(542 1152 1153 543)
4(534 544 1154 1144)
4(543 1153 1154 544)
4(535 545 1155 1145)
4(544 1154 1155 545)
4(536 546 1156 1146)
4(545 1155 1156 546)
4(537 547 1157 1147)
4(546 1156 1157 547)
4(538 548 1158 1148)
4(547 1157 1158 548)
4(539 549 1159 1149)
4(548 1158 1159 549)
4(540 550 1160 1150)
4(549 1159 1160 550)
4(550 1160 1161 551)
4(542 552 1162 1152)
4(43 104 1162 552)
4(543 553 1163 1153)
4(552 1162 1163 553)
4(544 554 1164 1154)
4(553 1163 1164 554)
4(545 555 1165 1155)
4(554 1164 1165 555)
4(546 556 1166 1156)
4(555 1165 1166 556)
4(547 557 1167 1157)
4(556 1166 1167 557)
4(548 558 1168 1158)
4(557 1167 1168 558)
4(549 559 1169 1159)
4(558 1168 1169 559)
4(550 560 1170 1160)
4(559 1169 1170 560)
4(560 1170 1171 561)
4(552 562 1172 1162)
4(44 105 1172 562)
4(553 563 1173 1163)
4(562 1172 1173 563)
4(554 564 1174 1164)
4(563 1173 1174 564)
4(555 565 1175 1165)
4(564 1174 1175 565)
4(556 566 1176 1166)
4(565 1175 1176 566)
4(557 567 1177 1167)
4(566 1176 1177 567)
4(558 568 1178 1168)
4(567 1177 1178 568)
4(559 569 1179 1169)
4(568 1178 1179 569)
4(560 570 1180 1170)
4(569 1179 1180 570)
4(570 1180 1181 571)
4(562 572 1182 1172)
4(45 106 1182 572)
4(563 573 1183 1173)
4(572 1182 1183 573)
4(564 574 1184 1174)
4(573 1183 1184 574)
4(565 575 1185 1175)
4(574 1184 1185 575)
4(566 576 1186 1176)
4(575 1185 1186 576)
4(567 577 1187 1177)
4(576 1186 1187 577)
4(568 578 1188 1178)
4(577 1187 1188 578)
4(569 579 1189 1179)
4(578 1188 1189 579)
4(570 580 1190 1180)
4(579 1189 1190 580)
4(580 1190 1191 581)
4(572 582 1192 1182)
4(46 107 1192 582)
4(573 583 1193 1183)
4(582 1192 1193 583)
4(574 584 1194 1184)
4(583 1193 1194 584)
4(575 585 1195 1185)
4(584 1194 1195 585)
4(576 586 1196 1186)
4(585 1195 1196 586)
4(577 587 1197 1187)
4(586 1196 1197 587)
4(578 588 1198 1188)
4(587 1197 1198 588)
4(579 589 1199 1189)
4(588 1198 1199 589)
4(580 590 1200 1190)
4(589 1199 1200 590)
4(590 1200 1201 591)
4(582 592 1202 1192)
4(47 108 1202 592)
4(583 593 1203 1193)
4(592 1202 1203 593)
4(584 594 1204 1194)
4(593 1203 1204 594)
4(585 595 1205 1195)
4(594 1204 1205 595)
4(586 596 1206 1196)
4(595 1205 1206 596)
4(587 597 1207 1197)
4(596 1206 1207 597)
4(588 598 1208 1198)
4(597 1207 1208 598)
4(589 599 1209 1199)
4(598 1208 1209 599)
4(590 600 1210 1200)
4(599 1209 1210 600)
4(600 1210 1211 601)
4(592 602 1212 1202)
4(48 109 1212 602)
4(593 603 1213 1203)
4(602 1212 1213 603)
4(594 604 1214 1204)
4(603 1213 1214 604)
4(595 605 1215 1205)
4(604 1214 1215 605)
4(596 606 1216 1206)
4(605 1215 1216 606)
4(597 607 1217 1207)
4(606 1216 1217 607)
4(598 608 1218 1208)
4(607 1217 1218 608)
4(599 609 1219 1209)
4(608 1218 1219 609)
4(600 610 1220 1210)
4(609 1219 1220 610)
4(610 1220 1221 611)
4(602 612 1222 1212)
4(49 110 1222 612)
4(603 613 1223 1213)
4(612 1222 1223 613)
4(604 614 1224 1214)
4(613 1223 1224 614)
4(605 615 1225 1215)
4(614 1224 1225 615)
4(606 616 1226 1216)
4(615 1225 1226 616)
4(607 617 1227 1217)
4(616 1226 1227 617)
4(608 618 1228 1218)
4(617 1227 1228 618)
4(609 619 1229 1219)
4(618 1228 1229 619)
4(610 620 1230 1220)
4(619 1229 1230 620)
4(620 1230 1231 621)
4(612 622 1232 1222)
4(50 111 1232 622)
4(613 623 1233 1223)
4(622 1232 1233 623)
4(614 624 1234 1224)
4(623 1233 1234 624)
4(615 625 1235 1225)
4(624 1234 1235 625)
4(616 626 1236 1226)
4(625 1235 1236 626)
4(617 627 1237 1227)
4(626 1236 1237 627)
4(618 628 1238 1228)
4(627 1237 1238 628)
4(619 629 1239 1229)
4(628 1238 1239 629)
4(620 630 1240 1230)
4(629 1239 1240 630)
4(630 1240 1241 631)
4(622 632 1242 1232)
4(51 112 1242 632)
4(623 633 1243 1233)
4(632 1242 1243 633)
4(624 634 1244 1234)
4(633 1243 1244 634)
4(625 635 1245 1235)
4(634 1244 1245 635)
4(626 636 1246 1236)
4(635 1245 1246 636)
4(627 637 1247 1237)
4(636 1246 1247 637)
4(628 638 1248 1238)
4(637 1247 1248 638)
4(629 639 1249 1239)
4(638 1248 1249 639)
4(630 640 1250 1240)
4(639 1249 1250 640)
4(640 1250 1251 641)
4(632 642 1252 1242)
4(52 113 1252 642)
4(633 643 1253 1243)
4(642 1252 1253 643)
4(634 644 1254 1244)
4(643 1253 1254 644)
4(635 645 1255 1245)
4(644 1254 1255 645)
4(636 646 1256 1246)
4(645 1255 1256 646)
4(637 647 1257 1247)
4(646 1256 1257 647)
4(638 648 1258 1248)
4(647 1257 1258 648)
4(639 649 1259 1249)
4(648 1258 1259 649)
4(640 650 1260 1250)
4(649 1259 1260 650)
4(650 1260 1261 651)
4(642 652 1262 1252)
4(53 114 1262 652)
4(643 653 1263 1253)
4(652 1262 1263 653)
4(644 654 1264 1254)
4(653 1263 1264 654)
4(645 655 1265 1255)
4(654 1264 1265 655)
4(646 656 1266 1256)
4(655 1265 1266 656)
4(647 657 1267 1257)
4(656 1266 1267 657)
4(648 658 1268 1258)
4(657 1267 1268 658)
4(649 659 1269 1259)
4(658 1268 1269 659)
4(650 660 1270 1260)
4(659 1269 1270 660)
4(660 1270 1271 661)
4(652 662 1272 1262)
4(54 115 1272 662)
4(653 663 1273 1263)
4(662 1272 1273 663)
4(654 664 1274 1264)
4(663 1273 1274 664)
4(655 665 1275 1265)
4(664 1274 1275 665)
4(656 666 1276 1266)
4(665 1275 1276 666)
4(657 667 1277 1267)
4(666 1276 1277 667)
4(658 668 1278 1268)
4(667 1277 1278 668)
4(659 669 1279 1269)
4(668 1278 1279 669)
4(660 670 1280 1270)
4(669 1279 1280 670)
4(670 1280 1281 671)
4(662 672 1282 1272)
4(55 116 1282 672)
4(663 673 1283 1273)
4(672 1282 1283 673)
4(664 674 1284 1274)
4(673 1283 1284 674)
4(665 675 1285 1275)
4(674 1284 1285 675)
4(666 676 1286 1276)
4(675 1285 1286 676)
4(667 677 1287 1277)
4(676 1286 1287 677)
4(668 678 1288 1278)
4(677 1287 1288 678)
4(669 679 1289 1279)
4(678 1288 1289 679)
4(670 680 1290 1280)
4(679 1289 1290 680)
4(680 1290 1291 681)
4(672 682 1292 1282)
4(56 117 1292 682)
4(673 683 1293 1283)
4(682 1292 1293 683)
4(674 684 1294 1284)
4(683 1293 1294 684)
4(675 685 1295 1285)
4(684 1294 1295 685)
4(676 686 1296 1286)
4(685 1295 1296 686)
4(677 687 1297 1287)
4(686 1296 1297 687)
4(678 688 1298 1288)
4(687 1297 1298 688)
4(679 689 1299 1289)
4(688 1298 1299 689)
4(680 690 1300 1290)
4(689 1299 1300 690)
4(690 1300 1301 691)
4(682 692 1302 1292)
4(57 118 1302 692)
4(683 693 1303 1293)
4(692 1302 1303 693)
4(684 694 1304 1294)
4(693 1303 1304 694)
4(685 695 1305 1295)
4(694 1304 1305 695)
4(686 696 1306 1296)
4(695 1305 1306 696)
4(687 697 1307 1297)
4(696 1306 1307 697)
4(688 698 1308 1298)
4(697 1307 1308 698)
4(689 699 1309 1299)
4(698 1308 1309 699)
4(690 700 1310 1300)
4(699 1309 1310 700)
4(700 1310 1311 701)
4(692 702 1312 1302)
4(58 119 1312 702)
4(693 703 1313 1303)
4(702 1312 1313 703)
4(694 704 1314 1304)
4(703 1313 1314 704)
4(695 705 1315 1305)
4(704 1314 1315 705)
4(696 706 1316 1306)
4(705 1315 1316 706)
4(697 707 1317 1307)
4(706 1316 1317 707)
4(698 708 1318 1308)
4(707 1317 1318 708)
4(699 709 1319 1309)
4(708 1318 1319 709)
4(700 710 1320 1310)
4(709 1319 1320 710)
4(710 1320 1321 711)
4(702 712 1322 1312)
4(59 120 1322 712)
4(703 713 1323 1313)
4(712 1322 1323 713)
4(704 714 1324 1314)
4(713 1323 1324 714)
4(705 715 1325 1315)
4(714 1324 1325 715)
4(706 716 1326 1316)
4(715 1325 1326 716)
4(707 717 1327 1317)
4(716 1326 1327 717)
4(708 718 1328 1318)
4(717 1327 1328 718)
4(709 719 1329 1319)
4(718 1328 1329 719)
4(710 720 1330 1320)
4(719 1329 1330 720)
4(720 1330 1331 721)
4(712 722 1332 1322)
4(713 723 1333 1323)
4(714 724 1334 1324)
4(715 725 1335 1325)
4(716 726 1336 1326)
4(717 727 1337 1327)
4(718 728 1338 1328)
4(719 729 1339 1329)
4(720 730 1340 1330)
4(0 122 732 61)
4(122 123 733 732)
4(123 124 734 733)
4(124 125 735 734)
4(125 126 736 735)
4(126 127 737 736)
4(127 128 738 737)
4(128 129 739 738)
4(129 130 740 739)
4(130 131 741 740)
4(60 121 1332 722)
4(722 1332 1333 723)
4(723 1333 1334 724)
4(724 1334 1335 725)
4(725 1335 1336 726)
4(726 1336 1337 727)
4(727 1337 1338 728)
4(728 1338 1339 729)
4(729 1339 1340 730)
4(730 1340 1341 731)
4(131 141 751 741)
4(141 151 761 751)
4(151 161 771 761)
4(161 171 781 771)
4(171 181 791 781)
4(181 191 801 791)
4(191 201 811 801)
4(201 211 821 811)
4(211 221 831 821)
4(221 231 841 831)
4(231 241 851 841)
4(241 251 861 851)
4(251 261 871 861)
4(261 271 881 871)
4(271 281 891 881)
4(281 291 901 891)
4(291 301 911 901)
4(301 311 921 911)
4(311 321 931 921)
4(321 331 941 931)
4(331 341 951 941)
4(341 351 961 951)
4(351 361 971 961)
4(361 371 981 971)
4(371 381 991 981)
4(381 391 1001 991)
4(391 401 1011 1001)
4(401 411 1021 1011)
4(411 421 1031 1021)
4(421 431 1041 1031)
4(431 441 1051 1041)
4(441 451 1061 1051)
4(451 461 1071 1061)
4(461 471 1081 1071)
4(471 481 1091 1081)
4(481 491 1101 1091)
4(491 501 1111 1101)
4(501 511 1121 1111)
4(511 521 1131 1121)
4(521 531 1141 1131)
4(531 541 1151 1141)
4(541 551 1161 1151)
4(551 561 1171 1161)
4(561 571 1181 1171)
4(571 581 1191 1181)
4(581 591 1201 1191)
4(591 601 1211 1201)
4(601 611 1221 1211)
4(611 621 1231 1221)
4(621 631 1241 1231)
4(631 641 1251 1241)
4(641 651 1261 1251)
4(651 661 1271 1261)
4(661 671 1281 1271)
4(671 681 1291 1281)
4(681 691 1301 1291)
4(691 701 1311 1301)
4(701 711 1321 1311)
4(711 721 1331 1321)
4(721 731 1341 1331)
4(0 1 132 122)
4(1 2 142 132)
4(2 3 152 142)
4(3 4 162 152)
4(4 5 172 162)
4(5 6 182 172)
4(6 7 192 182)
4(7 8 202 192)
4(8 9 212 202)
4(9 10 222 212)
4(10 11 232 222)
4(11 12 242 232)
4(12 13 252 242)
4(13 14 262 252)
4(14 15 272 262)
4(15 16 282 272)
4(16 17 292 282)
4(17 18 302 292)
4(18 19 312 302)
4(19 20 322 312)
4(20 21 332 322)
4(21 22 342 332)
4(22 23 352 342)
4(23 24 362 352)
4(24 25 372 362)
4(25 26 382 372)
4(26 27 392 382)
4(27 28 402 392)
4(28 29 412 402)
4(29 30 422 412)
4(30 31 432 422)
4(31 32 442 432)
4(32 33 452 442)
4(33 34 462 452)
4(34 35 472 462)
4(35 36 482 472)
4(36 37 492 482)
4(37 38 502 492)
4(38 39 512 502)
4(39 40 522 512)
4(40 41 532 522)
4(41 42 542 532)
4(42 43 552 542)
4(43 44 562 552)
4(44 45 572 562)
4(45 46 582 572)
4(46 47 592 582)
4(47 48 602 592)
4(48 49 612 602)
4(49 50 622 612)
4(50 51 632 622)
4(51 52 642 632)
4(52 53 652 642)
4(53 54 662 652)
4(54 55 672 662)
4(55 56 682 672)
4(56 57 692 682)
4(57 58 702 692)
4(58 59 712 702)
4(59 60 722 712)
4(122 132 133 123)
4(132 142 143 133)
4(142 152 153 143)
4(152 162 163 153)
4(162 172 173 163)
4(172 182 183 173)
4(182 192 193 183)
4(192 202 203 193)
4(202 212 213 203)
4(212 222 223 213)
4(222 232 233 223)
4(232 242 243 233)
4(242 252 253 243)
4(252 262 263 253)
4(262 272 273 263)
4(272 282 283 273)
4(282 292 293 283)
4(292 302 303 293)
4(302 312 313 303)
4(312 322 323 313)
4(322 332 333 323)
4(332 342 343 333)
4(342 352 353 343)
4(352 362 363 353)
4(362 372 373 363)
4(372 382 383 373)
4(382 392 393 383)
4(392 402 403 393)
4(402 412 413 403)
4(412 422 423 413)
4(422 432 433 423)
4(432 442 443 433)
4(442 452 453 443)
4(452 462 463 453)
4(462 472 473 463)
4(472 482 483 473)
4(482 492 493 483)
4(492 502 503 493)
4(502 512 513 503)
4(512 522 523 513)
4(522 532 533 523)
4(532 542 543 533)
4(542 552 553 543)
4(552 562 563 553)
4(562 572 573 563)
4(572 582 583 573)
4(582 592 593 583)
4(592 602 603 593)
4(602 612 613 603)
4(612 622 623 613)
4(622 632 633 623)
4(632 642 643 633)
4(642 652 653 643)
4(652 662 663 653)
4(662 672 673 663)
4(672 682 683 673)
4(682 692 693 683)
4(692 702 703 693)
4(702 712 713 703)
4(712 722 723 713)
4(123 133 134 124)
4(133 143 144 134)
4(143 153 154 144)
4(153 163 164 154)
4(163 173 174 164)
4(173 183 184 174)
4(183 193 194 184)
4(193 203 204 194)
4(203 213 214 204)
4(213 223 224 214)
4(223 233 234 224)
4(233 243 244 234)
4(243 253 254 244)
4(253 263 264 254)
4(263 273 274 264)
4(273 283 284 274)
4(283 293 294 284)
4(293 303 304 294)
4(303 313 314 304)
4(313 323 324 314)
4(323 333 334 324)
4(333 343 344 334)
4(343 353 354 344)
4(353 363 364 354)
4(363 373 374 364)
4(373 383 384 374)
4(383 393 394 384)
4(393 403 404 394)
4(403 413 414 404)
4(413 423 424 414)
4(423 433 434 424)
4(433 443 444 434)
4(443 453 454 444)
4(453 463 464 454)
4(463 473 474 464)
4(473 483 484 474)
4(483 493 494 484)
4(493 503 504 494)
4(503 513 514 504)
4(513 523 524 514)
4(523 533 534 524)
4(533 543 544 534)
4(543 553 554 544)
4(553 563 564 554)
4(563 573 574 564)
4(573 583 584 574)
4(583 593 594 584)
4(593 603 604 594)
4(603 613 614 604)
4(613 623 624 614)
4(623 633 634 624)
4(633 643 644 634)
4(643 653 654 644)
4(653 663 664 654)
4(663 673 674 664)
4(673 683 684 674)
4(683 693 694 684)
4(693 703 704 694)
4(703 713 714 704)
4(713 723 724 714)
4(124 134 135 125)
4(134 144 145 135)
4(144 154 155 145)
4(154 164 165 155)
4(164 174 175 165)
4(174 184 185 175)
4(184 194 195 185)
4(194 204 205 195)
4(204 214 215 205)
4(214 224 225 215)
4(224 234 235 225)
4(234 244 245 235)
4(244 254 255 245)
4(254 264 265 255)
4(264 274 275 265)
4(274 284 285 275)
4(284 294 295 285)
4(294 304 305 295)
4(304 314 315 305)
4(314 324 325 315)
4(324 334 335 325)
4(334 344 345 335)
4(344 354 355 345)
4(354 364 365 355)
4(364 374 375 365)
4(374 384 385 375)
4(384 394 395 385)
4(394 404 405 395)
4(404 414 415 405)
4(414 424 425 415)
4(424 434 435 425)
4(434 444 445 435)
4(444 454 455 445)
4(454 464 465 455)
4(464 474 475 465)
4(474 484 485 475)
4(484 494 495 485)
4(494 504 505 495)
4(504 514 515 505)
4(514 524 525 515)
4(524 534 535 525)
4(534 544 545 535)
4(544 554 555 545)
4(554 564 565 555)
4(564 574 575 565)
4(574 584 585 575)
4(584 594 595 585)
4(594 604 605 595)
4(604 614 615 605)
4(614 624 625 615)
4(624 634 635 625)
4(634 644 645 635)
4(644 654 655 645)
4(654 664 665 655)
4(664 674 675 665)
4(674 684 685 675)
4(684 694 695 685)
4(694 704 705 695)
4(704 714 715 705)
4(714 724 725 715)
4(125 135 136 126)
4(135 145 146 136)
4(145 155 156 146)
4(155 165 166 156)
4(165 175 176 166)
4(175 185 186 176)
4(185 195 196 186)
4(195 205 206 196)
4(205 215 216 206)
4(215 225 226 216)
4(225 235 236 226)
4(235 245 246 236)
4(245 255 256 246)
4(255 265 266 256)
4(265 275 276 266)
4(275 285 286 276)
4(285 295 296 286)
4(295 305 306 296)
4(305 315 316 306)
4(315 325 326 316)
4(325 335 336 326)
4(335 345 346 336)
4(345 355 356 346)
4(355 365 366 356)
4(365 375 376 366)
4(375 385 386 376)
4(385 395 396 386)
4(395 405 406 396)
4(405 415 416 406)
4(415 425 426 416)
4(425 435 436 426)
4(435 445 446 436)
4(445 455 456 446)
4(455 465 466 456)
4(465 475 476 466)
4(475 485 486 476)
4(485 495 496 486)
4(495 505 506 496)
4(505 515 516 506)
4(515 525 526 516)
4(525 535 536 526)
4(535 545 546 536)
4(545 555 556 546)
4(555 565 566 556)
4(565 575 576 566)
4(575 585 586 576)
4(585 595 596 586)
4(595 605 606 596)
4(605 615 616 606)
4(615 625 626 616)
4(625 635 636 626)
4(635 645 646 636)
4(645 655 656 646)
4(655 665 666 656)
4(665 675 676 666)
4(675 685 686 676)
4(685 695 696 686)
4(695 705 706 696)
4(705 715 716 706)
4(715 725 726 716)
4(126 136 137 127)
4(136 146 147 137)
4(146 156 157 147)
4(156 166 167 157)
4(166 176 177 167)
4(176 186 187 177)
4(186 196 197 187)
4(196 206 207 197)
4(206 216 217 207)
4(216 226 227 217)
4(226 236 237 227)
4(236 246 247 237)
4(246 256 257 247)
4(256 266 267 257)
4(266 276 277 267)
4(276 286 287 277)
4(286 296 297 287)
4(296 306 307 297)
4(306 316 317 307)
4(316 326 327 317)
4(326 336 337 327)
4(336 346 347 337)
4(346 356 357 347)
4(356 366 367 357)
4(366 376 377 367)
4(376 386 387 377)
4(386 396 397 387)
4(396 406 407 397)
4(406 416 417 407)
4(416 426 427 417)
4(426 436 437 427)
4(436 446 447 437)
4(446 456 457 447)
4(456 466 467 457)
4(466 476 477 467)
4(476 486 487 477)
4(486 496 497 487)
4(496 506 507 497)
4(506 516 517 507)
4(516 526 527 517)
4(526 536 537 527)
4(536 546 547 537)
4(546 556 557 547)
4(556 566 567 557)
4(566 576 577 567)
4(576 586 587 577)
4(586 596 597 587)
4(596 606 607 597)
4(606 616 617 607)
4(616 626 627 617)
4(626 636 637 627)
4(636 646 647 637)
4(646 656 657 647)
4(656 666 667 657)
4(666 676 677 667)
4(676 686 687 677)
4(686 696 697 687)
4(696 706 707 697)
4(706 716 717 707)
4(716 726 727 717)
4(127 137 138 128)
4(137 147 148 138)
4(147 157 158 148)
4(157 167 168 158)
4(167 177 178 168)
4(177 187 188 178)
4(187 197 198 188)
4(197 207 208 198)
4(207 217 218 208)
4(217 227 228 218)
4(227 237 238 228)
4(237 247 248 238)
4(247 257 258 248)
4(257 267 268 258)
4(267 277 278 268)
4(277 287 288 278)
4(287 297 298 288)
4(297 307 308 298)
4(307 317 318 308)
4(317 327 328 318)
4(327 337 338 328)
4(337 347 348 338)
4(347 357 358 348)
4(357 367 368 358)
4(367 377 378 368)
4(377 387 388 378)
4(387 397 398 388)
4(397 407 408 398)
4(407 417 418 408)
4(417 427 428 418)
4(427 437 438 428)
4(437 447 448 438)
4(447 457 458 448)
4(457 467 468 458)
4(467 477 478 468)
4(477 487 488 478)
4(487 497 498 488)
4(497 507 508 498)
4(507 517 518 508)
4(517 527 528 518)
4(527 537 538 528)
4(537 547 548 538)
4(547 557 558 548)
4(557 567 568 558)
4(567 577 578 568)
4(577 587 588 578)
4(587 597 598 588)
4(597 607 608 598)
4(607 617 618 608)
4(617 627 628 618)
4(627 637 638 628)
4(637 647 648 638)
4(647 657 658 648)
4(657 667 668 658)
4(667 677 678 668)
4(677 687 688 678)
4(687 697 698 688)
4(697 707 708 698)
4(707 717 718 708)
4(717 727 728 718)
4(128 138 139 129)
4(138 148 149 139)
4(148 158 159 149)
4(158 168 169 159)
4(168 178 179 169)
4(178 188 189 179)
4(188 198 199 189)
4(198 208 209 199)
4(208 218 219 209)
4(218 228 229 219)
4(228 238 239 229)
4(238 248 249 239)
4(248 258 259 249)
4(258 268 269 259)
4(268 278 279 269)
4(278 288 289 279)
4(288 298 299 289)
4(298 308 309 299)
4(308 318 319 309)
4(318 328 329 319)
4(328 338 339 329)
4(338 348 349 339)
4(348 358 359 349)
4(358 368 369 359)
4(368 378 379 369)
4(378 388 389 379)
4(388 398 399 389)
4(398 408 409 399)
4(408 418 419 409)
4(418 428 429 419)
4(428 438 439 429)
4(438 448 449 439)
4(448 458 459 449)
4(458 468 469 459)
4(468 478 479 469)
4(478 488 489 479)
4(488 498 499 489)
4(498 508 509 499)
4(508 518 519 509)
4(518 528 529 519)
4(528 538 539 529)
4(538 548 549 539)
4(548 558 559 549)
4(558 568 569 559)
4(568 578 579 569)
4(578 588 589 579)
4(588 598 599 589)
4(598 608 609 599)
4(608 618 619 609)
4(618 628 629 619)
4(628 638 639 629)
4(638 648 649 639)
4(648 658 659 649)
4(658 668 669 659)
4(668 678 679 669)
4(678 688 689 679)
4(688 698 699 689)
4(698 708 709 699)
4(708 718 719 709)
4(718 728 729 719)
4(129 139 140 130)
4(139 149 150 140)
4(149 159 160 150)
4(159 169 170 160)
4(169 179 180 170)
4(179 189 190 180)
4(189 199 200 190)
4(199 209 210 200)
4(209 219 220 210)
4(219 229 230 220)
4(229 239 240 230)
4(239 249 250 240)
4(249 259 260 250)
4(259 269 270 260)
4(269 279 280 270)
4(279 289 290 280)
4(289 299 300 290)
4(299 309 310 300)
4(309 319 320 310)
4(319 329 330 320)
4(329 339 340 330)
4(339 349 350 340)
4(349 359 360 350)
4(359 369 370 360)
4(369 379 380 370)
4(379 389 390 380)
4(389 399 400 390)
4(399 409 410 400)
4(409 419 420 410)
4(419 429 430 420)
4(429 439 440 430)
4(439 449 450 440)
4(449 459 460 450)
4(459 469 470 460)
4(469 479 480 470)
4(479 489 490 480)
4(489 499 500 490)
4(499 509 510 500)
4(509 519 520 510)
4(519 529 530 520)
4(529 539 540 530)
4(539 549 550 540)
4(549 559 560 550)
4(559 569 570 560)
4(569 579 580 570)
4(579 589 590 580)
4(589 599 600 590)
4(599 609 610 600)
4(609 619 620 610)
4(619 629 630 620)
4(629 639 640 630)
4(639 649 650 640)
4(649 659 660 650)
4(659 669 670 660)
4(669 679 680 670)
4(679 689 690 680)
4(689 699 700 690)
4(699 709 710 700)
4(709 719 720 710)
4(719 729 730 720)
4(130 140 141 131)
4(140 150 151 141)
4(150 160 161 151)
4(160 170 171 161)
4(170 180 181 171)
4(180 190 191 181)
4(190 200 201 191)
4(200 210 211 201)
4(210 220 221 211)
4(220 230 231 221)
4(230 240 241 231)
4(240 250 251 241)
4(250 260 261 251)
4(260 270 271 261)
4(270 280 281 271)
4(280 290 291 281)
4(290 300 301 291)
4(300 310 311 301)
4(310 320 321 311)
4(320 330 331 321)
4(330 340 341 331)
4(340 350 351 341)
4(350 360 361 351)
4(360 370 371 361)
4(370 380 381 371)
4(380 390 391 381)
4(390 400 401 391)
4(400 410 411 401)
4(410 420 421 411)
4(420 430 431 421)
4(430 440 441 431)
4(440 450 451 441)
4(450 460 461 451)
4(460 470 471 461)
4(470 480 481 471)
4(480 490 491 481)
4(490 500 501 491)
4(500 510 511 501)
4(510 520 521 511)
4(520 530 531 521)
4(530 540 541 531)
4(540 550 551 541)
4(550 560 561 551)
4(560 570 571 561)
4(570 580 581 571)
4(580 590 591 581)
4(590 600 601 591)
4(600 610 611 601)
4(610 620 621 611)
4(620 630 631 621)
4(630 640 641 631)
4(640 650 651 641)
4(650 660 661 651)
4(660 670 671 661)
4(670 680 681 671)
4(680 690 691 681)
4(690 700 701 691)
4(700 710 711 701)
4(710 720 721 711)
4(720 730 731 721)
4(61 732 742 62)
4(62 742 752 63)
4(63 752 762 64)
4(64 762 772 65)
4(65 772 782 66)
4(66 782 792 67)
4(67 792 802 68)
4(68 802 812 69)
4(69 812 822 70)
4(70 822 832 71)
4(71 832 842 72)
4(72 842 852 73)
4(73 852 862 74)
4(74 862 872 75)
4(75 872 882 76)
4(76 882 892 77)
4(77 892 902 78)
4(78 902 912 79)
4(79 912 922 80)
4(80 922 932 81)
4(81 932 942 82)
4(82 942 952 83)
4(83 952 962 84)
4(84 962 972 85)
4(85 972 982 86)
4(86 982 992 87)
4(87 992 1002 88)
4(88 1002 1012 89)
4(89 1012 1022 90)
4(90 1022 1032 91)
4(91 1032 1042 92)
4(92 1042 1052 93)
4(93 1052 1062 94)
4(94 1062 1072 95)
4(95 1072 1082 96)
4(96 1082 1092 97)
4(97 1092 1102 98)
4(98 1102 1112 99)
4(99 1112 1122 100)
4(100 1122 1132 101)
4(101 1132 1142 102)
4(102 1142 1152 103)
4(103 1152 1162 104)
4(104 1162 1172 105)
4(105 1172 1182 106)
4(106 1182 1192 107)
4(107 1192 1202 108)
4(108 1202 1212 109)
4(109 1212 1222 110)
4(110 1222 1232 111)
4(111 1232 1242 112)
4(112 1242 1252 113)
4(113 1252 1262 114)
4(114 1262 1272 115)
4(115 1272 1282 116)
4(116 1282 1292 117)
4(117 1292 1302 118)
4(118 1302 1312 119)
4(119 1312 1322 120)
4(120 1322 1332 121)
4(732 733 743 742)
4(742 743 753 752)
4(752 753 763 762)
4(762 763 773 772)
4(772 773 783 782)
4(782 783 793 792)
4(792 793 803 802)
4(802 803 813 812)
4(812 813 823 822)
4(822 823 833 832)
4(832 833 843 842)
4(842 843 853 852)
4(852 853 863 862)
4(862 863 873 872)
4(872 873 883 882)
4(882 883 893 892)
4(892 893 903 902)
4(902 903 913 912)
4(912 913 923 922)
4(922 923 933 932)
4(932 933 943 942)
4(942 943 953 952)
4(952 953 963 962)
4(962 963 973 972)
4(972 973 983 982)
4(982 983 993 992)
4(992 993 1003 1002)
4(1002 1003 1013 1012)
4(1012 1013 1023 1022)
4(1022 1023 1033 1032)
4(1032 1033 1043 1042)
4(1042 1043 1053 1052)
4(1052 1053 1063 1062)
4(1062 1063 1073 1072)
4(1072 1073 1083 1082)
4(1082 1083 1093 1092)
4(1092 1093 1103 1102)
4(1102 1103 1113 1112)
4(1112 1113 1123 1122)
4(1122 1123 1133 1132)
4(1132 1133 1143 1142)
4(1142 1143 1153 1152)
4(1152 1153 1163 1162)
4(1162 1163 1173 1172)
4(1172 1173 1183 1182)
4(1182 1183 1193 1192)
4(1192 1193 1203 1202)
4(1202 1203 1213 1212)
4(1212 1213 1223 1222)
4(1222 1223 1233 1232)
4(1232 1233 1243 1242)
4(1242 1243 1253 1252)
4(1252 1253 1263 1262)
4(1262 1263 1273 1272)
4(1272 1273 1283 1282)
4(1282 1283 1293 1292)
4(1292 1293 1303 1302)
4(1302 1303 1313 1312)
4(1312 1313 1323 1322)
4(1322 1323 1333 1332)
4(733 734 744 743)
4(743 744 754 753)
4(753 754 764 763)
4(763 764 774 773)
4(773 774 784 783)
4(783 784 794 793)
4(793 794 804 803)
4(803 804 814 813)
4(813 814 824 823)
4(823 824 834 833)
4(833 834 844 843)
4(843 844 854 853)
4(853 854 864 863)
4(863 864 874 873)
4(873 874 884 883)
4(883 884 894 893)
4(893 894 904 903)
4(903 904 914 913)
4(913 914 924 923)
4(923 924 934 933)
4(933 934 944 943)
4(943 944 954 953)
4(953 954 964 963)
4(963 964 974 973)
4(973 974 984 983)
4(983 984 994 993)
4(993 994 1004 1003)
4(1003 1004 1014 1013)
4(1013 1014 1024 1023)
4(1023 1024 1034 1033)
4(1033 1034 1044 1043)
4(1043 1044 1054 1053)
4(1053 1054 1064 1063)
4(1063 1064 1074 1073)
4(1073 1074 1084 1083)
4(1083 1084 1094 1093)
4(1093 1094 1104 1103)
4(1103 1104 1114 1113)
4(1113 1114 1124 1123)
4(1123 1124 1134 1133)
4(1133 1134 1144 1143)
4(1143 1144 1154 1153)
4(1153 1154 1164 1163)
4(1163 1164 1174 1173)
4(1173 1174 1184 1183)
4(1183 1184 1194 1193)
4(1193 1194 1204 1203)
4(1203 1204 1214 1213)
4(1213 1214 1224 1223)
4(1223 1224 1234 1233)
4(1233 1234 1244 1243)
4(1243 1244 1254 1253)
4(1253 1254 1264 1263)
4(1263 1264 1274 1273)
4(1273 1274 1284 1283)
4(1283 1284 1294 1293)
4(1293 1294 1304 1303)
4(1303 1304 1314 1313)
4(1313 1314 1324 1323)
4(1323 1324 1334 1333)
4(734 735 745 744)
4(744 745 755 754)
4(754 755 765 764)
4(764 765 775 774)
4(774 775 785 784)
4(784 785 795 794)
4(794 795 805 804)
4(804 805 815 814)
4(814 815 825 824)
4(824 825 835 834)
4(834 835 845 844)
4(844 845 855 854)
4(854 855 865 864)
4(864 865 875 874)
4(874 875 885 884)
4(884 885 895 894)
4(894 895 905 904)
4(904 905 915 914)
4(914 915 925 924)
4(924 925 935 934)
4(934 935 945 944)
4(944 945 955 954)
4(954 955 965 964)
4(964 965 975 974)
4(974 975 985 984)
4(984 985 995 994)
4(994 995 1005 1004)
4(1004 1005 1015 1014)
4(1014 1015 1025 1024)
4(1024 1025 1035 1034)
4(1034 1035 1045 1044)
4(1044 1045 1055 1054)
4(1054 1055 1065 1064)
4(1064 1065 1075 1074)
4(1074 1075 1085 1084)
4(1084 1085 1095 1094)
4(1094 1095 1105 1104)
4(1104 1105 1115 1114)
4(1114 1115 1125 1124)
4(1124 1125 1135 1134)
4(1134 1135 1145 1144)
4(1144 1145 1155 1154)
4(1154 1155 1165 1164)
4(1164 1165 1175 1174)
4(1174 1175 1185 1184)
4(1184 1185 1195 1194)
4(1194 1195 1205 1204)
4(1204 1205 1215 1214)
4(1214 1215 1225 1224)
4(1224 1225 1235 1234)
4(1234 1235 1245 1244)
4(1244 1245 1255 1254)
4(1254 1255 1265 1264)
4(1264 1265 1275 1274)
4(1274 1275 1285 1284)
4(1284 1285 1295 1294)
4(1294 1295 1305 1304)
4(1304 1305 1315 1314)
4(1314 1315 1325 1324)
4(1324 1325 1335 1334)
4(735 736 746 745)
4(745 746 756 755)
4(755 756 766 765)
4(765 766 776 775)
4(775 776 786 785)
4(785 786 796 795)
4(795 796 806 805)
4(805 806 816 815)
4(815 816 826 825)
4(825 826 836 835)
4(835 836 846 845)
4(845 846 856 855)
4(855 856 866 865)
4(865 866 876 875)
4(875 876 886 885)
4(885 886 896 895)
4(895 896 906 905)
4(905 906 916 915)
4(915 916 926 925)
4(925 926 936 935)
4(935 936 946 945)
4(945 946 956 955)
4(955 956 966 965)
4(965 966 976 975)
4(975 976 986 985)
4(985 986 996 995)
4(995 996 1006 1005)
4(1005 1006 1016 1015)
4(1015 1016 1026 1025)
4(1025 1026 1036 1035)
4(1035 1036 1046 1045)
4(1045 1046 1056 1055)
4(1055 1056 1066 1065)
4(1065 1066 1076 1075)
4(1075 1076 1086 1085)
4(1085 1086 1096 1095)
4(1095 1096 1106 1105)
4(1105 1106 1116 1115)
4(1115 1116 1126 1125)
4(1125 1126 1136 1135)
4(1135 1136 1146 1145)
4(1145 1146 1156 1155)
4(1155 1156 1166 1165)
4(1165 1166 1176 1175)
4(1175 1176 1186 1185)
4(1185 1186 1196 1195)
4(1195 1196 1206 1205)
4(1205 1206 1216 1215)
4(1215 1216 1226 1225)
4(1225 1226 1236 1235)
4(1235 1236 1246 1245)
4(1245 1246 1256 1255)
4(1255 1256 1266 1265)
4(1265 1266 1276 1275)
4(1275 1276 1286 1285)
4(1285 1286 1296 1295)
4(1295 1296 1306 1305)
4(1305 1306 1316 1315)
4(1315 1316 1326 1325)
4(1325 1326 1336 1335)
4(736 737 747 746)
4(746 747 757 756)
4(756 757 767 766)
4(766 767 777 776)
4(776 777 787 786)
4(786 787 797 796)
4(796 797 807 806)
4(806 807 817 816)
4(816 817 827 826)
4(826 827 837 836)
4(836 837 847 846)
4(846 847 857 856)
4(856 857 867 866)
4(866 867 877 876)
4(876 877 887 886)
4(886 887 897 896)
4(896 897 907 906)
4(906 907 917 916)
4(916 917 927 926)
4(926 927 937 936)
4(936 937 947 946)
4(946 947 957 956)
4(956 957 967 966)
4(966 967 977 976)
4(976 977 987 986)
4(986 987 997 996)
4(996 997 1007 1006)
4(1006 1007 1017 1016)
4(1016 1017 1027 1026)
4(1026 1027 1037 1036)
4(1036 1037 1047 1046)
4(1046 1047 1057 1056)
4(1056 1057 1067 1066)
4(1066 1067 1077 1076)
4(1076 1077 1087 1086)
4(1086 1087 1097 1096)
4(1096 1097 1107 1106)
4(1106 1107 1117 1116)
4(1116 1117 1127 1126)
4(1126 1127 1137 1136)
4(1136 1137 1147 1146)
4(1146 1147 1157 1156)
4(1156 1157 1167 1166)
4(1166 1167 1177 1176)
4(1176 1177 1187 1186)
4(1186 1187 1197 1196)
4(1196 1197 1207 1206)
4(1206 1207 1217 1216)
4(1216 1217 1227 1226)
4(1226 1227 1237 1236)
4(1236 1237 1247 1246)
4(1246 1247 1257 1256)
4(1256 1257 1267 1266)
4(1266 1267 1277 1276)
4(1276 1277 1287 1286)
4(1286 1287 1297 1296)
4(1296 1297 1307 1306)
4(1306 1307 1317 1316)
4(1316 1317 1327 1326)
4(1326 1327 1337 1336)
4(737 738 748 747)
4(747 748 758 757)
4(757 758 768 767)
4(767 768 778 777)
4(777 778 788 787)
4(787 788 798 797)
4(797 798 808 807)
4(807 808 818 817)
4(817 818 828 827)
4(827 828 838 837)
4(837 838 848 847)
4(847 848 858 857)
4(857 858 868 867)
4(867 868 878 877)
4(877 878 888 887)
4(887 888 898 897)
4(897 898 908 907)
4(907 908 918 917)
4(917 918 928 927)
4(927 928 938 937)
4(937 938 948 947)
4(947 948 958 957)
4(957 958 968 967)
4(967 968 978 977)
4(977 978 988 987)
4(987 988 998 997)
4(997 998 1008 1007)
4(1007 1008 1018 1017)
4(1017 1018 1028 1027)
4(1027 1028 1038 1037)
4(1037 1038 1048 1047)
4(1047 1048 1058 1057)
4(1057 1058 1068 1067)
4(1067 1068 1078 1077)
4(1077 1078 1088 1087)
4(1087 1088 1098 1097)
4(1097 1098 1108 1107)
4(1107 1108 1118 1117)
4(1117 1118 1128 1127)
4(1127 1128 1138 1137)
4(1137 1138 1148 1147)
4(1147 1148 1158 1157)
4(1157 1158 1168 1167)
4(1167 1168 1178 1177)
4(1177 1178 1188 1187)
4(1187 1188 1198 1197)
4(1197 1198 1208 1207)
4(1207 1208 1218 1217)
4(1217 1218 1228 1227)
4(1227 1228 1238 1237)
4(1237 1238 1248 1247)
4(1247 1248 1258 1257)
4(1257 1258 1268 1267)
4(1267 1268 1278 1277)
4(1277 1278 1288 1287)
4(1287 1288 1298 1297)
4(1297 1298 1308 1307)
4(1307 1308 1318 1317)
4(1317 1318 1328 1327)
4(1327 1328 1338 1337)
4(738 739 749 748)
4(748 749 759 758)
4(758 759 769 768)
4(768 769 779 778)
4(778 779 789 788)
4(788 789 799 798)
4(798 799 809 808)
4(808 809 819 818)
4(818 819 829 828)
4(828 829 839 838)
4(838 839 849 848)
4(848 849 859 858)
4(858 859 869 868)
4(868 869 879 878)
4(878 879 889 888)
4(888 889 899 898)
4(898 899 909 908)
4(908 909 919 918)
4(918 919 929 928)
4(928 929 939 938)
4(938 939 949 948)
4(948 949 959 958)
4(958 959 969 968)
4(968 969 979 978)
4(978 979 989 988)
4(988 989 999 998)
4(998 999 1009 1008)
4(1008 1009 1019 1018)
4(1018 1019 1029 1028)
4(1028 1029 1039 1038)
4(1038 1039 1049 1048)
4(1048 1049 1059 1058)
4(1058 1059 1069 1068)
4(1068 1069 1079 1078)
4(1078 1079 1089 1088)
4(1088 1089 1099 1098)
4(1098 1099 1109 1108)
4(1108 1109 1119 1118)
4(1118 1119 1129 1128)
4(1128 1129 1139 1138)
4(1138 1139 1149 1148)
4(1148 1149 1159 1158)
4(1158 1159 1169 1168)
4(1168 1169 1179 1178)
4(1178 1179 1189 1188)
4(1188 1189 1199 1198)
4(1198 1199 1209 1208)
4(1208 1209 1219 1218)
4(1218 1219 1229 1228)
4(1228 1229 1239 1238)
4(1238 1239 1249 1248)
4(1248 1249 1259 1258)
4(1258 1259 1269 1268)
4(1268 1269 1279 1278)
4(1278 1279 1289 1288)
4(1288 1289 1299 1298)
4(1298 1299 1309 1308)
4(1308 1309 1319 1318)
4(1318 1319 1329 1328)
4(1328 1329 1339 1338)
4(739 740 750 749)
4(749 750 760 759)
4(759 760 770 769)
4(769 770 780 779)
4(779 780 790 789)
4(789 790 800 799)
4(799 800 810 809)
4(809 810 820 819)
4(819 820 830 829)
4(829 830 840 839)
4(839 840 850 849)
4(849 850 860 859)
4(859 860 870 869)
4(869 870 880 879)
4(879 880 890 889)
4(889 890 900 899)
4(899 900 910 909)
4(909 910 920 919)
4(919 920 930 929)
4(929 930 940 939)
4(939 940 950 949)
4(949 950 960 959)
4(959 960 970 969)
4(969 970 980 979)
4(979 980 990 989)
4(989 990 1000 999)
4(999 1000 1010 1009)
4(1009 1010 1020 1019)
4(1019 1020 1030 1029)
4(1029 1030 1040 1039)
4(1039 1040 1050 1049)
4(1049 1050 1060 1059)
4(1059 1060 1070 1069)
4(1069 1070 1080 1079)
4(1079 1080 1090 1089)
4(1089 1090 1100 1099)
4(1099 1100 1110 1109)
4(1109 1110 1120 1119)
4(1119 1120 1130 1129)
4(1129 1130 1140 1139)
4(1139 1140 1150 1149)
4(1149 1150 1160 1159)
4(1159 1160 1170 1169)
4(1169 1170 1180 1179)
4(1179 1180 1190 1189)
4(1189 1190 1200 1199)
4(1199 1200 1210 1209)
4(1209 1210 1220 1219)
4(1219 1220 1230 1229)
4(1229 1230 1240 1239)
4(1239 1240 1250 1249)
4(1249 1250 1260 1259)
4(1259 1260 1270 1269)
4(1269 1270 1280 1279)
4(1279 1280 1290 1289)
4(1289 1290 1300 1299)
4(1299 1300 1310 1309)
4(1309 1310 1320 1319)
4(1319 1320 1330 1329)
4(1329 1330 1340 1339)
4(740 741 751 750)
4(750 751 761 760)
4(760 761 771 770)
4(770 771 781 780)
4(780 781 791 790)
4(790 791 801 800)
4(800 801 811 810)
4(810 811 821 820)
4(820 821 831 830)
4(830 831 841 840)
4(840 841 851 850)
4(850 851 861 860)
4(860 861 871 870)
4(870 871 881 880)
4(880 881 891 890)
4(890 891 901 900)
4(900 901 911 910)
4(910 911 921 920)
4(920 921 931 930)
4(930 931 941 940)
4(940 941 951 950)
4(950 951 961 960)
4(960 961 971 970)
4(970 971 981 980)
4(980 981 991 990)
4(990 991 1001 1000)
4(1000 1001 1011 1010)
4(1010 1011 1021 1020)
4(1020 1021 1031 1030)
4(1030 1031 1041 1040)
4(1040 1041 1051 1050)
4(1050 1051 1061 1060)
4(1060 1061 1071 1070)
4(1070 1071 1081 1080)
4(1080 1081 1091 1090)
4(1090 1091 1101 1100)
4(1100 1101 1111 1110)
4(1110 1111 1121 1120)
4(1120 1121 1131 1130)
4(1130 1131 1141 1140)
4(1140 1141 1151 1150)
4(1150 1151 1161 1160)
4(1160 1161 1171 1170)
4(1170 1171 1181 1180)
4(1180 1181 1191 1190)
4(1190 1191 1201 1200)
4(1200 1201 1211 1210)
4(1210 1211 1221 1220)
4(1220 1221 1231 1230)
4(1230 1231 1241 1240)
4(1240 1241 1251 1250)
4(1250 1251 1261 1260)
4(1260 1261 1271 1270)
4(1270 1271 1281 1280)
4(1280 1281 1291 1290)
4(1290 1291 1301 1300)
4(1300 1301 1311 1310)
4(1310 1311 1321 1320)
4(1320 1321 1331 1330)
4(1330 1331 1341 1340)
4(0 61 62 1)
4(1 62 63 2)
4(2 63 64 3)
4(3 64 65 4)
4(4 65 66 5)
4(5 66 67 6)
4(6 67 68 7)
4(7 68 69 8)
4(8 69 70 9)
4(9 70 71 10)
4(10 71 72 11)
4(11 72 73 12)
4(12 73 74 13)
4(13 74 75 14)
4(14 75 76 15)
4(15 76 77 16)
4(16 77 78 17)
4(17 78 79 18)
4(18 79 80 19)
4(19 80 81 20)
4(20 81 82 21)
4(21 82 83 22)
4(22 83 84 23)
4(23 84 85 24)
4(24 85 86 25)
4(25 86 87 26)
4(26 87 88 27)
4(27 88 89 28)
4(28 89 90 29)
4(29 90 91 30)
4(30 91 92 31)
4(31 92 93 32)
4(32 93 94 33)
4(33 94 95 34)
4(34 95 96 35)
4(35 96 97 36)
4(36 97 98 37)
4(37 98 99 38)
4(38 99 100 39)
4(39 100 101 40)
4(40 101 102 41)
4(41 102 103 42)
4(42 103 104 43)
4(43 104 105 44)
4(44 105 106 45)
4(45 106 107 46)
4(46 107 108 47)
4(47 108 109 48)
4(48 109 110 49)
4(49 110 111 50)
4(50 111 112 51)
4(51 112 113 52)
4(52 113 114 53)
4(53 114 115 54)
4(54 115 116 55)
4(55 116 117 56)
4(56 117 118 57)
4(57 118 119 58)
4(58 119 120 59)
4(59 120 121 60)
)


// ************************************************************************* //
