/*--------------------------------*- C++ -*----------------------------------*\
| =========                 |                                                 |
| \\      /  F ield         | OpenFOAM: The Open Source CFD Toolbox           |
|  \\    /   O peration     | Version:  2512                                  |
|   \\  /    A nd           | Website:  www.openfoam.com                      |
|    \\/     M anipulation  |                                                 |
\*---------------------------------------------------------------------------*/
FoamFile
{
    version     2.0;
    format      ascii;
    arch        "LSB;label=32;scalar=64";
    class       vectorField;
    location    "constant/solid_2/polyMesh";
    object      points;
}
// * * * * * * * * * * * * * * * * * * * * * * * * * * * * * * * * * * * * * //


1342
(
(0.21 0 0)
(0.21 0.005 0)
(0.21 0.01 0)
(0.21 0.015 0)
(0.21 0.02 0)
(0.21 0.025 0)
(0.21 0.03 0)
(0.21 0.035 0)
(0.21 0.04 0)
(0.21 0.045 0)
(0.21 0.05 0)
(0.21 0.055 0)
(0.21 0.06 0)
(0.21 0.065 0)
(0.21 0.07 0)
(0.21 0.075 0)
(0.21 0.08 0)
(0.21 0.085 0)
(0.21 0.09 0)
(0.21 0.095 0)
(0.21 0.1 0)
(0.21 0.105 0)
(0.21 0.11 0)
(0.21 0.115 0)
(0.21 0.12 0)
(0.21 0.125 0)
(0.21 0.13 0)
(0.21 0.135 0)
(0.21 0.14 0)
(0.21 0.145 0)
(0.21 0.15 0)
(0.21 0.155 0)
(0.21 0.16 0)
(0.21 0.165 0)
(0.21 0.17 0)
(0.21 0.175 0)
(0.21 0.18 0)
(0.21 0.185 0)
(0.21 0.19 0)
(0.21 0.195 0)
(0.21 0.2 0)
(0.21 0.205 0)
(0.21 0.21 0)
(0.21 0.215 0)
(0.21 0.22 0)
(0.21 0.225 0)
(0.21 0.23 0)
(0.21 0.235 0)
(0.21 0.24 0)
(0.21 0.245 0)
(0.21 0.25 0)
(0.21 0.255 0)
(0.21 0.26 0)
(0.21 0.265 0)
(0.21 0.27 0)
(0.21 0.275 0)
(0.21 0.28 0)
(0.21 0.285 0)
(0.21 0.29 0)
(0.21 0.295 0)
(0.21 0.3 0)
(0.21 0 0.01)
(0.21 0.005 0.01)
(0.21 0.01 0.01)
(0.21 0.015 0.01)
(0.21 0.02 0.01)
(0.21 0.025 0.01)
(0.21 0.03 0.01)
(0.21 0.035 0.01)
(0.21 0.04 0.01)
(0.21 0.045 0.01)
(0.21 0.05 0.01)
(0.21 0.055 0.01)
(0.21 0.06 0.01)
(0.21 0.065 0.01)
(0.21 0.07 0.01)
(0.21 0.075 0.01)
(0.21 0.08 0.01)
(0.21 0.085 0.01)
(0.21 0.09 0.01)
(0.21 0.095 0.01)
(0.21 0.1 0.01)
(0.21 0.105 0.01)
(0.21 0.11 0.01)
(0.21 0.115 0.01)
(0.21 0.12 0.01)
(0.21 0.125 0.01)
(0.21 0.13 0.01)
(0.21 0.135 0.01)
(0.21 0.14 0.01)
(0.21 0.145 0.01)
(0.21 0.15 0.01)
(0.21 0.155 0.01)
(0.21 0.16 0.01)
(0.21 0.165 0.01)
(0.21 0.17 0.01)
(0.21 0.175 0.01)
(0.21 0.18 0.01)
(0.21 0.185 0.01)
(0.21 0.19 0.01)
(0.21 0.195 0.01)
(0.21 0.2 0.01)
(0.21 0.205 0.01)
(0.21 0.21 0.01)
(0.21 0.215 0.01)
(0.21 0.22 0.01)
(0.21 0.225 0.01)
(0.21 0.23 0.01)
(0.21 0.235 0.01)
(0.21 0.24 0.01)
(0.21 0.245 0.01)
(0.21 0.25 0.01)
(0.21 0.255 0.01)
(0.21 0.26 0.01)
(0.21 0.265 0.01)
(0.21 0.27 0.01)
(0.21 0.275 0.01)
(0.21 0.28 0.01)
(0.21 0.285 0.01)
(0.21 0.29 0.01)
(0.21 0.295 0.01)
(0.21 0.3 0.01)
(0.211 0 0)
(0.212 0 0)
(0.213 0 0)
(0.214 0 0)
(0.215 0 0)
(0.216 0 0)
(0.217 0 0)
(0.218 0 0)
(0.219 0 0)
(0.22 0 0)
(0.211 0.005 0)
(0.212 0.005 0)
(0.213 0.005 0)
(0.214 0.005 0)
(0.215 0.005 0)
(0.216 0.005 0)
(0.217 0.005 0)
(0.218 0.005 0)
(0.219 0.005 0)
(0.22 0.005 0)
(0.211 0.01 0)
(0.212 0.01 0)
(0.213 0.01 0)
(0.214 0.01 0)
(0.215 0.01 0)
(0.216 0.01 0)
(0.217 0.01 0)
(0.218 0.01 0)
(0.219 0.01 0)
(0.22 0.01 0)
(0.211 0.015 0)
(0.212 0.015 0)
(0.213 0.015 0)
(0.214 0.015 0)
(0.215 0.015 0)
(0.216 0.015 0)
(0.217 0.015 0)
(0.218 0.015 0)
(0.219 0.015 0)
(0.22 0.015 0)
(0.211 0.02 0)
(0.212 0.02 0)
(0.213 0.02 0)
(0.214 0.02 0)
(0.215 0.02 0)
(0.216 0.02 0)
(0.217 0.02 0)
(0.218 0.02 0)
(0.219 0.02 0)
(0.22 0.02 0)
(0.211 0.025 0)
(0.212 0.025 0)
(0.213 0.025 0)
(0.214 0.025 0)
(0.215 0.025 0)
(0.216 0.025 0)
(0.217 0.025 0)
(0.218 0.025 0)
(0.219 0.025 0)
(0.22 0.025 0)
(0.211 0.03 0)
(0.212 0.03 0)
(0.213 0.03 0)
(0.214 0.03 0)
(0.215 0.03 0)
(0.216 0.03 0)
(0.217 0.03 0)
(0.218 0.03 0)
(0.219 0.03 0)
(0.22 0.03 0)
(0.211 0.035 0)
(0.212 0.035 0)
(0.213 0.035 0)
(0.214 0.035 0)
(0.215 0.035 0)
(0.216 0.035 0)
(0.217 0.035 0)
(0.218 0.035 0)
(0.219 0.035 0)
(0.22 0.035 0)
(0.211 0.04 0)
(0.212 0.04 0)
(0.213 0.04 0)
(0.214 0.04 0)
(0.215 0.04 0)
(0.216 0.04 0)
(0.217 0.04 0)
(0.218 0.04 0)
(0.219 0.04 0)
(0.22 0.04 0)
(0.211 0.045 0)
(0.212 0.045 0)
(0.213 0.045 0)
(0.214 0.045 0)
(0.215 0.045 0)
(0.216 0.045 0)
(0.217 0.045 0)
(0.218 0.045 0)
(0.219 0.045 0)
(0.22 0.045 0)
(0.211 0.05 0)
(0.212 0.05 0)
(0.213 0.05 0)
(0.214 0.05 0)
(0.215 0.05 0)
(0.216 0.05 0)
(0.217 0.05 0)
(0.218 0.05 0)
(0.219 0.05 0)
(0.22 0.05 0)
(0.211 0.055 0)
(0.212 0.055 0)
(0.213 0.055 0)
(0.214 0.055 0)
(0.215 0.055 0)
(0.216 0.055 0)
(0.217 0.055 0)
(0.218 0.055 0)
(0.219 0.055 0)
(0.22 0.055 0)
(0.211 0.06 0)
(0.212 0.06 0)
(0.213 0.06 0)
(0.214 0.06 0)
(0.215 0.06 0)
(0.216 0.06 0)
(0.217 0.06 0)
(0.218 0.06 0)
(0.219 0.06 0)
(0.22 0.06 0)
(0.211 0.065 0)
(0.212 0.065 0)
(0.213 0.065 0)
(0.214 0.065 0)
(0.215 0.065 0)
(0.216 0.065 0)
(0.217 0.065 0)
(0.218 0.065 0)
(0.219 0.065 0)
(0.22 0.065 0)
(0.211 0.07 0)
(0.212 0.07 0)
(0.213 0.07 0)
(0.214 0.07 0)
(0.215 0.07 0)
(0.216 0.07 0)
(0.217 0.07 0)
(0.218 0.07 0)
(0.219 0.07 0)
(0.22 0.07 0)
(0.211 0.075 0)
(0.212 0.075 0)
(0.213 0.075 0)
(0.214 0.075 0)
(0.215 0.075 0)
(0.216 0.075 0)
(0.217 0.075 0)
(0.218 0.075 0)
(0.219 0.075 0)
(0.22 0.075 0)
(0.211 0.08 0)
(0.212 0.08 0)
(0.213 0.08 0)
(0.214 0.08 0)
(0.215 0.08 0)
(0.216 0.08 0)
(0.217 0.08 0)
(0.218 0.08 0)
(0.219 0.08 0)
(0.22 0.08 0)
(0.211 0.085 0)
(0.212 0.085 0)
(0.213 0.085 0)
(0.214 0.085 0)
(0.215 0.085 0)
(0.216 0.085 0)
(0.217 0.085 0)
(0.218 0.085 0)
(0.219 0.085 0)
(0.22 0.085 0)
(0.211 0.09 0)
(0.212 0.09 0)
(0.213 0.09 0)
(0.214 0.09 0)
(0.215 0.09 0)
(0.216 0.09 0)
(0.217 0.09 0)
(0.218 0.09 0)
(0.219 0.09 0)
(0.22 0.09 0)
(0.211 0.095 0)
(0.212 0.095 0)
(0.213 0.095 0)
(0.214 0.095 0)
(0.215 0.095 0)
(0.216 0.095 0)
(0.217 0.095 0)
(0.218 0.095 0)
(0.219 0.095 0)
(0.22 0.095 0)
(0.211 0.1 0)
(0.212 0.1 0)
(0.213 0.1 0)
(0.214 0.1 0)
(0.215 0.1 0)
(0.216 0.1 0)
(0.217 0.1 0)
(0.218 0.1 0)
(0.219 0.1 0)
(0.22 0.1 0)
(0.211 0.105 0)
(0.212 0.105 0)
(0.213 0.105 0)
(0.214 0.105 0)
(0.215 0.105 0)
(0.216 0.105 0)
(0.217 0.105 0)
(0.218 0.105 0)
(0.219 0.105 0)
(0.22 0.105 0)
(0.211 0.11 0)
(0.212 0.11 0)
(0.213 0.11 0)
(0.214 0.11 0)
(0.215 0.11 0)
(0.216 0.11 0)
(0.217 0.11 0)
(0.218 0.11 0)
(0.219 0.11 0)
(0.22 0.11 0)
(0.211 0.115 0)
(0.212 0.115 0)
(0.213 0.115 0)
(0.214 0.115 0)
(0.215 0.115 0)
(0.216 0.115 0)
(0.217 0.115 0)
(0.218 0.115 0)
(0.219 0.115 0)
(0.22 0.115 0)
(0.211 0.12 0)
(0.212 0.12 0)
(0.213 0.12 0)
(0.214 0.12 0)
(0.215 0.12 0)
(0.216 0.12 0)
(0.217 0.12 0)
(0.218 0.12 0)
(0.219 0.12 0)
(0.22 0.12 0)
(0.211 0.125 0)
(0.212 0.125 0)
(0.213 0.125 0)
(0.214 0.125 0)
(0.215 0.125 0)
(0.216 0.125 0)
(0.217 0.125 0)
(0.218 0.125 0)
(0.219 0.125 0)
(0.22 0.125 0)
(0.211 0.13 0)
(0.212 0.13 0)
(0.213 0.13 0)
(0.214 0.13 0)
(0.215 0.13 0)
(0.216 0.13 0)
(0.217 0.13 0)
(0.218 0.13 0)
(0.219 0.13 0)
(0.22 0.13 0)
(0.211 0.135 0)
(0.212 0.135 0)
(0.213 0.135 0)
(0.214 0.135 0)
(0.215 0.135 0)
(0.216 0.135 0)
(0.217 0.135 0)
(0.218 0.135 0)
(0.219 0.135 0)
(0.22 0.135 0)
(0.211 0.14 0)
(0.212 0.14 0)
(0.213 0.14 0)
(0.214 0.14 0)
(0.215 0.14 0)
(0.216 0.14 0)
(0.217 0.14 0)
(0.218 0.14 0)
(0.219 0.14 0)
(0.22 0.14 0)
(0.211 0.145 0)
(0.212 0.145 0)
(0.213 0.145 0)
(0.214 0.145 0)
(0.215 0.145 0)
(0.216 0.145 0)
(0.217 0.145 0)
(0.218 0.145 0)
(0.219 0.145 0)
(0.22 0.145 0)
(0.211 0.15 0)
(0.212 0.15 0)
(0.213 0.15 0)
(0.214 0.15 0)
(0.215 0.15 0)
(0.216 0.15 0)
(0.217 0.15 0)
(0.218 0.15 0)
(0.219 0.15 0)
(0.22 0.15 0)
(0.211 0.155 0)
(0.212 0.155 0)
(0.213 0.155 0)
(0.214 0.155 0)
(0.215 0.155 0)
(0.216 0.155 0)
(0.217 0.155 0)
(0.218 0.155 0)
(0.219 0.155 0)
(0.22 0.155 0)
(0.211 0.16 0)
(0.212 0.16 0)
(0.213 0.16 0)
(0.214 0.16 0)
(0.215 0.16 0)
(0.216 0.16 0)
(0.217 0.16 0)
(0.218 0.16 0)
(0.219 0.16 0)
(0.22 0.16 0)
(0.211 0.165 0)
(0.212 0.165 0)
(0.213 0.165 0)
(0.214 0.165 0)
(0.215 0.165 0)
(0.216 0.165 0)
(0.217 0.165 0)
(0.218 0.165 0)
(0.219 0.165 0)
(0.22 0.165 0)
(0.211 0.17 0)
(0.212 0.17 0)
(0.213 0.17 0)
(0.214 0.17 0)
(0.215 0.17 0)
(0.216 0.17 0)
(0.217 0.17 0)
(0.218 0.17 0)
(0.219 0.17 0)
(0.22 0.17 0)
(0.211 0.175 0)
(0.212 0.175 0)
(0.213 0.175 0)
(0.214 0.175 0)
(0.215 0.175 0)
(0.216 0.175 0)
(0.217 0.175 0)
(0.218 0.175 0)
(0.219 0.175 0)
(0.22 0.175 0)
(0.211 0.18 0)
(0.212 0.18 0)
(0.213 0.18 0)
(0.214 0.18 0)
(0.215 0.18 0)
(0.216 0.18 0)
(0.217 0.18 0)
(0.218 0.18 0)
(0.219 0.18 0)
(0.22 0.18 0)
(0.211 0.185 0)
(0.212 0.185 0)
(0.213 0.185 0)
(0.214 0.185 0)
(0.215 0.185 0)
(0.216 0.185 0)
(0.217 0.185 0)
(0.218 0.185 0)
(0.219 0.185 0)
(0.22 0.185 0)
(0.211 0.19 0)
(0.212 0.19 0)
(0.213 0.19 0)
(0.214 0.19 0)
(0.215 0.19 0)
(0.216 0.19 0)
(0.217 0.19 0)
(0.218 0.19 0)
(0.219 0.19 0)
(0.22 0.19 0)
(0.211 0.195 0)
(0.212 0.195 0)
(0.213 0.195 0)
(0.214 0.195 0)
(0.215 0.195 0)
(0.216 0.195 0)
(0.217 0.195 0)
(0.218 0.195 0)
(0.219 0.195 0)
(0.22 0.195 0)
(0.211 0.2 0)
(0.212 0.2 0)
(0.213 0.2 0)
(0.214 0.2 0)
(0.215 0.2 0)
(0.216 0.2 0)
(0.217 0.2 0)
(0.218 0.2 0)
(0.219 0.2 0)
(0.22 0.2 0)
(0.211 0.205 0)
(0.212 0.205 0)
(0.213 0.205 0)
(0.214 0.205 0)
(0.215 0.205 0)
(0.216 0.205 0)
(0.217 0.205 0)
(0.218 0.205 0)
(0.219 0.205 0)
(0.22 0.205 0)
(0.211 0.21 0)
(0.212 0.21 0)
(0.213 0.21 0)
(0.214 0.21 0)
(0.215 0.21 0)
(0.216 0.21 0)
(0.217 0.21 0)
(0.218 0.21 0)
(0.219 0.21 0)
(0.22 0.21 0)
(0.211 0.215 0)
(0.212 0.215 0)
(0.213 0.215 0)
(0.214 0.215 0)
(0.215 0.215 0)
(0.216 0.215 0)
(0.217 0.215 0)
(0.218 0.215 0)
(0.219 0.215 0)
(0.22 0.215 0)
(0.211 0.22 0)
(0.212 0.22 0)
(0.213 0.22 0)
(0.214 0.22 0)
(0.215 0.22 0)
(0.216 0.22 0)
(0.217 0.22 0)
(0.218 0.22 0)
(0.219 0.22 0)
(0.22 0.22 0)
(0.211 0.225 0)
(0.212 0.225 0)
(0.213 0.225 0)
(0.214 0.225 0)
(0.215 0.225 0)
(0.216 0.225 0)
(0.217 0.225 0)
(0.218 0.225 0)
(0.219 0.225 0)
(0.22 0.225 0)
(0.211 0.23 0)
(0.212 0.23 0)
(0.213 0.23 0)
(0.214 0.23 0)
(0.215 0.23 0)
(0.216 0.23 0)
(0.217 0.23 0)
(0.218 0.23 0)
(0.219 0.23 0)
(0.22 0.23 0)
(0.211 0.235 0)
(0.212 0.235 0)
(0.213 0.235 0)
(0.214 0.235 0)
(0.215 0.235 0)
(0.216 0.235 0)
(0.217 0.235 0)
(0.218 0.235 0)
(0.219 0.235 0)
(0.22 0.235 0)
(0.211 0.24 0)
(0.212 0.24 0)
(0.213 0.24 0)
(0.214 0.24 0)
(0.215 0.24 0)
(0.216 0.24 0)
(0.217 0.24 0)
(0.218 0.24 0)
(0.219 0.24 0)
(0.22 0.24 0)
(0.211 0.245 0)
(0.212 0.245 0)
(0.213 0.245 0)
(0.214 0.245 0)
(0.215 0.245 0)
(0.216 0.245 0)
(0.217 0.245 0)
(0.218 0.245 0)
(0.219 0.245 0)
(0.22 0.245 0)
(0.211 0.25 0)
(0.212 0.25 0)
(0.213 0.25 0)
(0.214 0.25 0)
(0.215 0.25 0)
(0.216 0.25 0)
(0.217 0.25 0)
(0.218 0.25 0)
(0.219 0.25 0)
(0.22 0.25 0)
(0.211 0.255 0)
(0.212 0.255 0)
(0.213 0.255 0)
(0.214 0.255 0)
(0.215 0.255 0)
(0.216 0.255 0)
(0.217 0.255 0)
(0.218 0.255 0)
(0.219 0.255 0)
(0.22 0.255 0)
(0.211 0.26 0)
(0.212 0.26 0)
(0.213 0.26 0)
(0.214 0.26 0)
(0.215 0.26 0)
(0.216 0.26 0)
(0.217 0.26 0)
(0.218 0.26 0)
(0.219 0.26 0)
(0.22 0.26 0)
(0.211 0.265 0)
(0.212 0.265 0)
(0.213 0.265 0)
(0.214 0.265 0)
(0.215 0.265 0)
(0.216 0.265 0)
(0.217 0.265 0)
(0.218 0.265 0)
(0.219 0.265 0)
(0.22 0.265 0)
(0.211 0.27 0)
(0.212 0.27 0)
(0.213 0.27 0)
(0.214 0.27 0)
(0.215 0.27 0)
(0.216 0.27 0)
(0.217 0.27 0)
(0.218 0.27 0)
(0.219 0.27 0)
(0.22 0.27 0)
(0.211 0.275 0)
(0.212 0.275 0)
(0.213 0.275 0)
(0.214 0.275 0)
(0.215 0.275 0)
(0.216 0.275 0)
(0.217 0.275 0)
(0.218 0.275 0)
(0.219 0.275 0)
(0.22 0.275 0)
(0.211 0.28 0)
(0.212 0.28 0)
(0.213 0.28 0)
(0.214 0.28 0)
(0.215 0.28 0)
(0.216 0.28 0)
(0.217 0.28 0)
(0.218 0.28 0)
(0.219 0.28 0)
(0.22 0.28 0)
(0.211 0.285 0)
(0.212 0.285 0)
(0.213 0.285 0)
(0.214 0.285 0)
(0.215 0.285 0)
(0.216 0.285 0)
(0.217 0.285 0)
(0.218 0.285 0)
(0.219 0.285 0)
(0.22 0.285 0)
(0.211 0.29 0)
(0.212 0.29 0)
(0.213 0.29 0)
(0.214 0.29 0)
(0.215 0.29 0)
(0.216 0.29 0)
(0.217 0.29 0)
(0.218 0.29 0)
(0.219 0.29 0)
(0.22 0.29 0)
(0.211 0.295 0)
(0.212 0.295 0)
(0.213 0.295 0)
(0.214 0.295 0)
(0.215 0.295 0)
(0.216 0.295 0)
(0.217 0.295 0)
(0.218 0.295 0)
(0.219 0.295 0)
(0.22 0.295 0)
(0.211 0.3 0)
(0.212 0.3 0)
(0.213 0.3 0)
(0.214 0.3 0)
(0.215 0.3 0)
(0.216 0.3 0)
(0.217 0.3 0)
(0.218 0.3 0)
(0.219 0.3 0)
(0.22 0.3 0)
(0.211 0 0.01)
(0.212 0 0.01)
(0.213 0 0.01)
(0.214 0 0.01)
(0.215 0 0.01)
(0.216 0 0.01)
(0.217 0 0.01)
(0.218 0 0.01)
(0.219 0 0.01)
(0.22 0 0.01)
(0.211 0.005 0.01)
(0.212 0.005 0.01)
(0.213 0.005 0.01)
(0.214 0.005 0.01)
(0.215 0.005 0.01)
(0.216 0.005 0.01)
(0.217 0.005 0.01)
(0.218 0.005 0.01)
(0.219 0.005 0.01)
(0.22 0.005 0.01)
(0.211 0.01 0.01)
(0.212 0.01 0.01)
(0.213 0.01 0.01)
(0.214 0.01 0.01)
(0.215 0.01 0.01)
(0.216 0.01 0.01)
(0.217 0.01 0.01)
(0.218 0.01 0.01)
(0.219 0.01 0.01)
(0.22 0.01 0.01)
(0.211 0.015 0.01)
(0.212 0.015 0.01)
(0.213 0.015 0.01)
(0.214 0.015 0.01)
(0.215 0.015 0.01)
(0.216 0.015 0.01)
(0.217 0.015 0.01)
(0.218 0.015 0.01)
(0.219 0.015 0.01)
(0.22 0.015 0.01)
(0.211 0.02 0.01)
(0.212 0.02 0.01)
(0.213 0.02 0.01)
(0.214 0.02 0.01)
(0.215 0.02 0.01)
(0.216 0.02 0.01)
(0.217 0.02 0.01)
(0.218 0.02 0.01)
(0.219 0.02 0.01)
(0.22 0.02 0.01)
(0.211 0.025 0.01)
(0.212 0.025 0.01)
(0.213 0.025 0.01)
(0.214 0.025 0.01)
(0.215 0.025 0.01)
(0.216 0.025 0.01)
(0.217 0.025 0.01)
(0.218 0.025 0.01)
(0.219 0.025 0.01)
(0.22 0.025 0.01)
(0.211 0.03 0.01)
(0.212 0.03 0.01)
(0.213 0.03 0.01)
(0.214 0.03 0.01)
(0.215 0.03 0.01)
(0.216 0.03 0.01)
(0.217 0.03 0.01)
(0.218 0.03 0.01)
(0.219 0.03 0.01)
(0.22 0.03 0.01)
(0.211 0.035 0.01)
(0.212 0.035 0.01)
(0.213 0.035 0.01)
(0.214 0.035 0.01)
(0.215 0.035 0.01)
(0.216 0.035 0.01)
(0.217 0.035 0.01)
(0.218 0.035 0.01)
(0.219 0.035 0.01)
(0.22 0.035 0.01)
(0.211 0.04 0.01)
(0.212 0.04 0.01)
(0.213 0.04 0.01)
(0.214 0.04 0.01)
(0.215 0.04 0.01)
(0.216 0.04 0.01)
(0.217 0.04 0.01)
(0.218 0.04 0.01)
(0.219 0.04 0.01)
(0.22 0.04 0.01)
(0.211 0.045 0.01)
(0.212 0.045 0.01)
(0.213 0.045 0.01)
(0.214 0.045 0.01)
(0.215 0.045 0.01)
(0.216 0.045 0.01)
(0.217 0.045 0.01)
(0.218 0.045 0.01)
(0.219 0.045 0.01)
(0.22 0.045 0.01)
(0.211 0.05 0.01)
(0.212 0.05 0.01)
(0.213 0.05 0.01)
(0.214 0.05 0.01)
(0.215 0.05 0.01)
(0.216 0.05 0.01)
(0.217 0.05 0.01)
(0.218 0.05 0.01)
(0.219 0.05 0.01)
(0.22 0.05 0.01)
(0.211 0.055 0.01)
(0.212 0.055 0.01)
(0.213 0.055 0.01)
(0.214 0.055 0.01)
(0.215 0.055 0.01)
(0.216 0.055 0.01)
(0.217 0.055 0.01)
(0.218 0.055 0.01)
(0.219 0.055 0.01)
(0.22 0.055 0.01)
(0.211 0.06 0.01)
(0.212 0.06 0.01)
(0.213 0.06 0.01)
(0.214 0.06 0.01)
(0.215 0.06 0.01)
(0.216 0.06 0.01)
(0.217 0.06 0.01)
(0.218 0.06 0.01)
(0.219 0.06 0.01)
(0.22 0.06 0.01)
(0.211 0.065 0.01)
(0.212 0.065 0.01)
(0.213 0.065 0.01)
(0.214 0.065 0.01)
(0.215 0.065 0.01)
(0.216 0.065 0.01)
(0.217 0.065 0.01)
(0.218 0.065 0.01)
(0.219 0.065 0.01)
(0.22 0.065 0.01)
(0.211 0.07 0.01)
(0.212 0.07 0.01)
(0.213 0.07 0.01)
(0.214 0.07 0.01)
(0.215 0.07 0.01)
(0.216 0.07 0.01)
(0.217 0.07 0.01)
(0.218 0.07 0.01)
(0.219 0.07 0.01)
(0.22 0.07 0.01)
(0.211 0.075 0.01)
(0.212 0.075 0.01)
(0.213 0.075 0.01)
(0.214 0.075 0.01)
(0.215 0.075 0.01)
(0.216 0.075 0.01)
(0.217 0.075 0.01)
(0.218 0.075 0.01)
(0.219 0.075 0.01)
(0.22 0.075 0.01)
(0.211 0.08 0.01)
(0.212 0.08 0.01)
(0.213 0.08 0.01)
(0.214 0.08 0.01)
(0.215 0.08 0.01)
(0.216 0.08 0.01)
(0.217 0.08 0.01)
(0.218 0.08 0.01)
(0.219 0.08 0.01)
(0.22 0.08 0.01)
(0.211 0.085 0.01)
(0.212 0.085 0.01)
(0.213 0.085 0.01)
(0.214 0.085 0.01)
(0.215 0.085 0.01)
(0.216 0.085 0.01)
(0.217 0.085 0.01)
(0.218 0.085 0.01)
(0.219 0.085 0.01)
(0.22 0.085 0.01)
(0.211 0.09 0.01)
(0.212 0.09 0.01)
(0.213 0.09 0.01)
(0.214 0.09 0.01)
(0.215 0.09 0.01)
(0.216 0.09 0.01)
(0.217 0.09 0.01)
(0.218 0.09 0.01)
(0.219 0.09 0.01)
(0.22 0.09 0.01)
(0.211 0.095 0.01)
(0.212 0.095 0.01)
(0.213 0.095 0.01)
(0.214 0.095 0.01)
(0.215 0.095 0.01)
(0.216 0.095 0.01)
(0.217 0.095 0.01)
(0.218 0.095 0.01)
(0.219 0.095 0.01)
(0.22 0.095 0.01)
(0.211 0.1 0.01)
(0.212 0.1 0.01)
(0.213 0.1 0.01)
(0.214 0.1 0.01)
(0.215 0.1 0.01)
(0.216 0.1 0.01)
(0.217 0.1 0.01)
(0.218 0.1 0.01)
(0.219 0.1 0.01)
(0.22 0.1 0.01)
(0.211 0.105 0.01)
(0.212 0.105 0.01)
(0.213 0.105 0.01)
(0.214 0.105 0.01)
(0.215 0.105 0.01)
(0.216 0.105 0.01)
(0.217 0.105 0.01)
(0.218 0.105 0.01)
(0.219 0.105 0.01)
(0.22 0.105 0.01)
(0.211 0.11 0.01)
(0.212 0.11 0.01)
(0.213 0.11 0.01)
(0.214 0.11 0.01)
(0.215 0.11 0.01)
(0.216 0.11 0.01)
(0.217 0.11 0.01)
(0.218 0.11 0.01)
(0.219 0.11 0.01)
(0.22 0.11 0.01)
(0.211 0.115 0.01)
(0.212 0.115 0.01)
(0.213 0.115 0.01)
(0.214 0.115 0.01)
(0.215 0.115 0.01)
(0.216 0.115 0.01)
(0.217 0.115 0.01)
(0.218 0.115 0.01)
(0.219 0.115 0.01)
(0.22 0.115 0.01)
(0.211 0.12 0.01)
(0.212 0.12 0.01)
(0.213 0.12 0.01)
(0.214 0.12 0.01)
(0.215 0.12 0.01)
(0.216 0.12 0.01)
(0.217 0.12 0.01)
(0.218 0.12 0.01)
(0.219 0.12 0.01)
(0.22 0.12 0.01)
(0.211 0.125 0.01)
(0.212 0.125 0.01)
(0.213 0.125 0.01)
(0.214 0.125 0.01)
(0.215 0.125 0.01)
(0.216 0.125 0.01)
(0.217 0.125 0.01)
(0.218 0.125 0.01)
(0.219 0.125 0.01)
(0.22 0.125 0.01)
(0.211 0.13 0.01)
(0.212 0.13 0.01)
(0.213 0.13 0.01)
(0.214 0.13 0.01)
(0.215 0.13 0.01)
(0.216 0.13 0.01)
(0.217 0.13 0.01)
(0.218 0.13 0.01)
(0.219 0.13 0.01)
(0.22 0.13 0.01)
(0.211 0.135 0.01)
(0.212 0.135 0.01)
(0.213 0.135 0.01)
(0.214 0.135 0.01)
(0.215 0.135 0.01)
(0.216 0.135 0.01)
(0.217 0.135 0.01)
(0.218 0.135 0.01)
(0.219 0.135 0.01)
(0.22 0.135 0.01)
(0.211 0.14 0.01)
(0.212 0.14 0.01)
(0.213 0.14 0.01)
(0.214 0.14 0.01)
(0.215 0.14 0.01)
(0.216 0.14 0.01)
(0.217 0.14 0.01)
(0.218 0.14 0.01)
(0.219 0.14 0.01)
(0.22 0.14 0.01)
(0.211 0.145 0.01)
(0.212 0.145 0.01)
(0.213 0.145 0.01)
(0.214 0.145 0.01)
(0.215 0.145 0.01)
(0.216 0.145 0.01)
(0.217 0.145 0.01)
(0.218 0.145 0.01)
(0.219 0.145 0.01)
(0.22 0.145 0.01)
(0.211 0.15 0.01)
(0.212 0.15 0.01)
(0.213 0.15 0.01)
(0.214 0.15 0.01)
(0.215 0.15 0.01)
(0.216 0.15 0.01)
(0.217 0.15 0.01)
(0.218 0.15 0.01)
(0.219 0.15 0.01)
(0.22 0.15 0.01)
(0.211 0.155 0.01)
(0.212 0.155 0.01)
(0.213 0.155 0.01)
(0.214 0.155 0.01)
(0.215 0.155 0.01)
(0.216 0.155 0.01)
(0.217 0.155 0.01)
(0.218 0.155 0.01)
(0.219 0.155 0.01)
(0.22 0.155 0.01)
(0.211 0.16 0.01)
(0.212 0.16 0.01)
(0.213 0.16 0.01)
(0.214 0.16 0.01)
(0.215 0.16 0.01)
(0.216 0.16 0.01)
(0.217 0.16 0.01)
(0.218 0.16 0.01)
(0.219 0.16 0.01)
(0.22 0.16 0.01)
(0.211 0.165 0.01)
(0.212 0.165 0.01)
(0.213 0.165 0.01)
(0.214 0.165 0.01)
(0.215 0.165 0.01)
(0.216 0.165 0.01)
(0.217 0.165 0.01)
(0.218 0.165 0.01)
(0.219 0.165 0.01)
(0.22 0.165 0.01)
(0.211 0.17 0.01)
(0.212 0.17 0.01)
(0.213 0.17 0.01)
(0.214 0.17 0.01)
(0.215 0.17 0.01)
(0.216 0.17 0.01)
(0.217 0.17 0.01)
(0.218 0.17 0.01)
(0.219 0.17 0.01)
(0.22 0.17 0.01)
(0.211 0.175 0.01)
(0.212 0.175 0.01)
(0.213 0.175 0.01)
(0.214 0.175 0.01)
(0.215 0.175 0.01)
(0.216 0.175 0.01)
(0.217 0.175 0.01)
(0.218 0.175 0.01)
(0.219 0.175 0.01)
(0.22 0.175 0.01)
(0.211 0.18 0.01)
(0.212 0.18 0.01)
(0.213 0.18 0.01)
(0.214 0.18 0.01)
(0.215 0.18 0.01)
(0.216 0.18 0.01)
(0.217 0.18 0.01)
(0.218 0.18 0.01)
(0.219 0.18 0.01)
(0.22 0.18 0.01)
(0.211 0.185 0.01)
(0.212 0.185 0.01)
(0.213 0.185 0.01)
(0.214 0.185 0.01)
(0.215 0.185 0.01)
(0.216 0.185 0.01)
(0.217 0.185 0.01)
(0.218 0.185 0.01)
(0.219 0.185 0.01)
(0.22 0.185 0.01)
(0.211 0.19 0.01)
(0.212 0.19 0.01)
(0.213 0.19 0.01)
(0.214 0.19 0.01)
(0.215 0.19 0.01)
(0.216 0.19 0.01)
(0.217 0.19 0.01)
(0.218 0.19 0.01)
(0.219 0.19 0.01)
(0.22 0.19 0.01)
(0.211 0.195 0.01)
(0.212 0.195 0.01)
(0.213 0.195 0.01)
(0.214 0.195 0.01)
(0.215 0.195 0.01)
(0.216 0.195 0.01)
(0.217 0.195 0.01)
(0.218 0.195 0.01)
(0.219 0.195 0.01)
(0.22 0.195 0.01)
(0.211 0.2 0.01)
(0.212 0.2 0.01)
(0.213 0.2 0.01)
(0.214 0.2 0.01)
(0.215 0.2 0.01)
(0.216 0.2 0.01)
(0.217 0.2 0.01)
(0.218 0.2 0.01)
(0.219 0.2 0.01)
(0.22 0.2 0.01)
(0.211 0.205 0.01)
(0.212 0.205 0.01)
(0.213 0.205 0.01)
(0.214 0.205 0.01)
(0.215 0.205 0.01)
(0.216 0.205 0.01)
(0.217 0.205 0.01)
(0.218 0.205 0.01)
(0.219 0.205 0.01)
(0.22 0.205 0.01)
(0.211 0.21 0.01)
(0.212 0.21 0.01)
(0.213 0.21 0.01)
(0.214 0.21 0.01)
(0.215 0.21 0.01)
(0.216 0.21 0.01)
(0.217 0.21 0.01)
(0.218 0.21 0.01)
(0.219 0.21 0.01)
(0.22 0.21 0.01)
(0.211 0.215 0.01)
(0.212 0.215 0.01)
(0.213 0.215 0.01)
(0.214 0.215 0.01)
(0.215 0.215 0.01)
(0.216 0.215 0.01)
(0.217 0.215 0.01)
(0.218 0.215 0.01)
(0.219 0.215 0.01)
(0.22 0.215 0.01)
(0.211 0.22 0.01)
(0.212 0.22 0.01)
(0.213 0.22 0.01)
(0.214 0.22 0.01)
(0.215 0.22 0.01)
(0.216 0.22 0.01)
(0.217 0.22 0.01)
(0.218 0.22 0.01)
(0.219 0.22 0.01)
(0.22 0.22 0.01)
(0.211 0.225 0.01)
(0.212 0.225 0.01)
(0.213 0.225 0.01)
(0.214 0.225 0.01)
(0.215 0.225 0.01)
(0.216 0.225 0.01)
(0.217 0.225 0.01)
(0.218 0.225 0.01)
(0.219 0.225 0.01)
(0.22 0.225 0.01)
(0.211 0.23 0.01)
(0.212 0.23 0.01)
(0.213 0.23 0.01)
(0.214 0.23 0.01)
(0.215 0.23 0.01)
(0.216 0.23 0.01)
(0.217 0.23 0.01)
(0.218 0.23 0.01)
(0.219 0.23 0.01)
(0.22 0.23 0.01)
(0.211 0.235 0.01)
(0.212 0.235 0.01)
(0.213 0.235 0.01)
(0.214 0.235 0.01)
(0.215 0.235 0.01)
(0.216 0.235 0.01)
(0.217 0.235 0.01)
(0.218 0.235 0.01)
(0.219 0.235 0.01)
(0.22 0.235 0.01)
(0.211 0.24 0.01)
(0.212 0.24 0.01)
(0.213 0.24 0.01)
(0.214 0.24 0.01)
(0.215 0.24 0.01)
(0.216 0.24 0.01)
(0.217 0.24 0.01)
(0.218 0.24 0.01)
(0.219 0.24 0.01)
(0.22 0.24 0.01)
(0.211 0.245 0.01)
(0.212 0.245 0.01)
(0.213 0.245 0.01)
(0.214 0.245 0.01)
(0.215 0.245 0.01)
(0.216 0.245 0.01)
(0.217 0.245 0.01)
(0.218 0.245 0.01)
(0.219 0.245 0.01)
(0.22 0.245 0.01)
(0.211 0.25 0.01)
(0.212 0.25 0.01)
(0.213 0.25 0.01)
(0.214 0.25 0.01)
(0.215 0.25 0.01)
(0.216 0.25 0.01)
(0.217 0.25 0.01)
(0.218 0.25 0.01)
(0.219 0.25 0.01)
(0.22 0.25 0.01)
(0.211 0.255 0.01)
(0.212 0.255 0.01)
(0.213 0.255 0.01)
(0.214 0.255 0.01)
(0.215 0.255 0.01)
(0.216 0.255 0.01)
(0.217 0.255 0.01)
(0.218 0.255 0.01)
(0.219 0.255 0.01)
(0.22 0.255 0.01)
(0.211 0.26 0.01)
(0.212 0.26 0.01)
(0.213 0.26 0.01)
(0.214 0.26 0.01)
(0.215 0.26 0.01)
(0.216 0.26 0.01)
(0.217 0.26 0.01)
(0.218 0.26 0.01)
(0.219 0.26 0.01)
(0.22 0.26 0.01)
(0.211 0.265 0.01)
(0.212 0.265 0.01)
(0.213 0.265 0.01)
(0.214 0.265 0.01)
(0.215 0.265 0.01)
(0.216 0.265 0.01)
(0.217 0.265 0.01)
(0.218 0.265 0.01)
(0.219 0.265 0.01)
(0.22 0.265 0.01)
(0.211 0.27 0.01)
(0.212 0.27 0.01)
(0.213 0.27 0.01)
(0.214 0.27 0.01)
(0.215 0.27 0.01)
(0.216 0.27 0.01)
(0.217 0.27 0.01)
(0.218 0.27 0.01)
(0.219 0.27 0.01)
(0.22 0.27 0.01)
(0.211 0.275 0.01)
(0.212 0.275 0.01)
(0.213 0.275 0.01)
(0.214 0.275 0.01)
(0.215 0.275 0.01)
(0.216 0.275 0.01)
(0.217 0.275 0.01)
(0.218 0.275 0.01)
(0.219 0.275 0.01)
(0.22 0.275 0.01)
(0.211 0.28 0.01)
(0.212 0.28 0.01)
(0.213 0.28 0.01)
(0.214 0.28 0.01)
(0.215 0.28 0.01)
(0.216 0.28 0.01)
(0.217 0.28 0.01)
(0.218 0.28 0.01)
(0.219 0.28 0.01)
(0.22 0.28 0.01)
(0.211 0.285 0.01)
(0.212 0.285 0.01)
(0.213 0.285 0.01)
(0.214 0.285 0.01)
(0.215 0.285 0.01)
(0.216 0.285 0.01)
(0.217 0.285 0.01)
(0.218 0.285 0.01)
(0.219 0.285 0.01)
(0.22 0.285 0.01)
(0.211 0.29 0.01)
(0.212 0.29 0.01)
(0.213 0.29 0.01)
(0.214 0.29 0.01)
(0.215 0.29 0.01)
(0.216 0.29 0.01)
(0.217 0.29 0.01)
(0.218 0.29 0.01)
(0.219 0.29 0.01)
(0.22 0.29 0.01)
(0.211 0.295 0.01)
(0.212 0.295 0.01)
(0.213 0.295 0.01)
(0.214 0.295 0.01)
(0.215 0.295 0.01)
(0.216 0.295 0.01)
(0.217 0.295 0.01)
(0.218 0.295 0.01)
(0.219 0.295 0.01)
(0.22 0.295 0.01)
(0.211 0.3 0.01)
(0.212 0.3 0.01)
(0.213 0.3 0.01)
(0.214 0.3 0.01)
(0.215 0.3 0.01)
(0.216 0.3 0.01)
(0.217 0.3 0.01)
(0.218 0.3 0.01)
(0.219 0.3 0.01)
(0.22 0.3 0.01)
)


// ************************************************************************* //
