/*--------------------------------*- C++ -*----------------------------------*\
| =========                 |                                                 |
| \\      /  F ield         | OpenFOAM: The Open Source CFD Toolbox           |
|  \\    /   O peration     | Version:  2512                                  |
|   \\  /    A nd           | Website:  www.openfoam.com                      |
|    \\/     M anipulation  |                                                 |
\*---------------------------------------------------------------------------*/
FoamFile
{
    version     2.0;
    format      ascii;
    arch        "LSB;label=32;scalar=64";
    class       labelList;
    location    "constant/heatSource/polyMesh";
    object      cellRegionAddressing;
}
// * * * * * * * * * * * * * * * * * * * * * * * * * * * * * * * * * * * * * //


13296
(
1787
1791
1871
1875
1892
1896
1913
1917
1934
1938
1955
1959
1976
1980
1997
2001
2436
2441
2443
2450
2453
2457
2462
2464
2469
2471
2474
2478
2481
2485
2490
2492
2497
2499
2502
2506
2509
2513
2518
2520
2525
2527
2530
2534
2537
2541
2546
2548
2553
2555
2558
2562
2565
2569
2574
2576
2581
2583
2586
2590
2593
2597
2602
2604
2609
2611
2614
2618
2621
2625
2630
2632
2637
2639
2642
2646
2649
2653
2658
2660
2665
2667
2670
2674
2677
2681
2686
2688
2693
2695
2698
2702
2705
2709
2714
2716
2723
2726
2730
2737
2739
2744
2746
2750
2753
2758
2760
2764
2767
2772
2774
2778
2781
2786
2788
2793
2795
2799
2802
2807
2809
2813
2816
2821
2823
2827
2830
2835
2837
2842
2844
2848
2851
2856
2858
2862
2865
2870
2872
2876
2879
2884
2886
2891
2893
2897
2900
2905
2907
2911
2914
2919
2921
2925
2928
2933
2935
2940
2942
2946
2949
2954
2956
2960
2963
2968
2970
2974
2977
2982
2984
2989
2991
2995
2998
3003
3005
3009
3012
3017
3019
3023
3026
3031
3033
3038
3040
3044
3047
3052
3054
3058
3061
3066
3068
3072
3075
3080
3082
3087
3089
3093
3096
3101
3103
3107
3110
3115
3117
3121
3124
3129
3805
3806
3807
3808
3811
3812
3813
3815
3818
3819
3820
3822
3825
3826
3827
3829
3832
3833
3834
3836
3839
3840
3841
3843
3846
3847
3848
3850
3853
3854
3855
3857
3860
3861
3862
3864
3866
3869
3870
3871
3971
3974
3975
3976
4076
4079
4080
4081
4181
4184
4185
4186
4286
4289
4290
4291
4391
4394
4395
4396
4496
4499
4500
4501
4539
4540
4541
4543
4545
4548
4549
4550
4552
4555
4556
4557
4559
4562
4563
4564
4566
4569
4570
4571
4573
4576
4577
4578
4580
4583
4584
4585
4587
4590
4591
4592
4594
4597
4598
4599
4601
4604
4605
4606
6344
6347
6348
6349
6358
6361
6362
6363
6372
6373
6376
6377
6386
6387
6390
6391
6400
6403
6404
6405
6414
6415
6418
6419
6428
6429
6432
6433
6442
6445
6446
6447
6456
6459
6460
6461
6470
6471
6474
6475
6484
6485
6488
6489
6498
6501
6502
6503
6512
6513
6516
6517
6526
6527
6530
6531
6540
6543
6544
6545
6554
6557
6558
6559
6568
6569
6572
6573
6582
6583
6586
6587
6596
6599
6600
6601
6610
6611
6614
6615
6624
6625
6628
6629
6638
6641
6642
6643
6652
6655
6656
6657
6666
6667
6670
6671
6680
6681
6684
6685
6694
6697
6698
6699
6708
6709
6712
6713
6722
6723
6726
6727
6736
6739
6740
6741
6750
6753
6754
6755
6764
6765
6768
6769
6778
6779
6782
6783
6792
6795
6796
6797
6806
6807
6810
6811
6820
6821
6824
6825
6834
6837
6838
6839
6848
6851
6852
6853
6862
6863
6866
6867
6876
6877
6880
6881
6890
6893
6894
6895
6904
6905
6908
6909
6918
6919
6922
6923
6932
6935
6936
6937
6946
6949
6950
6951
6960
6961
6964
6965
6974
6975
6978
6979
6988
6991
6992
6993
7002
7003
7006
7007
7016
7017
7020
7021
7030
7033
7034
7035
7044
7047
7048
7049
7058
7059
7062
7063
7072
7073
7076
7077
7086
7089
7090
7091
7100
7101
7104
7105
7114
7115
7118
7119
7429
7430
7431
7432
7433
7434
7435
7450
7452
7455
7456
7457
7458
7459
7460
7461
7462
7463
7464
7465
7469
7470
7479
7480
7481
7483
7486
7487
7488
7490
7492
7495
7496
7497
7499
7502
7503
7504
7506
7508
7509
7511
7513
7515
7516
7518
7520
7521
7524
7525
7528
7529
7530
7532
7534
7537
7538
7539
7541
7544
7545
7546
7548
7550
7551
7553
7555
7557
7558
7560
7562
7563
7566
7567
7569
7570
7573
7574
7577
7578
7579
7581
7583
7586
7587
7588
7590
7593
7594
7595
7597
7599
7600
7602
7604
7606
7607
7609
7611
7612
7615
7616
7618
7619
7622
7623
7626
7627
7628
7630
7632
7635
7636
7637
7639
7642
7643
7644
7646
7648
7649
7651
7653
7655
7656
7658
7660
7661
7664
7665
7667
7668
7671
7672
7675
7676
7677
7679
7681
7684
7685
7686
7688
7691
7692
7693
7695
7697
7698
7700
7702
7704
7705
7707
7709
7710
7713
7714
7716
7717
7720
7721
7724
7725
7726
7728
7730
7733
7734
7735
7737
7740
7741
7742
7744
7746
7747
7749
7751
7753
7754
7756
7758
7759
7762
7763
7765
7766
7769
7770
7773
7774
7775
7777
7779
7782
7783
7784
7786
7789
7790
7791
7793
7795
7796
7798
7800
7802
7803
7805
7807
7808
7811
7812
7814
7815
7818
7819
7822
7823
7824
7826
7828
7831
7832
7833
7835
7838
7839
7840
7842
7844
7845
7847
7849
7851
7852
7854
7856
7857
7860
7861
7863
7864
7867
7868
7872
7873
7874
7875
7877
7880
7881
7882
7885
7886
7887
7889
7891
7893
7894
7896
7898
7901
7902
7903
7905
7906
7909
7910
7912
7914
7915
7917
7989
7990
7991
7992
7993
7994
7995
8010
8012
8015
8016
8017
8018
8019
8020
8021
8022
8023
8024
8025
8029
8030
8108
8109
8110
8111
8112
8113
8114
8129
8131
8134
8135
8136
8137
8138
8139
8140
8141
8142
8143
8144
8148
8149
8227
8228
8229
8230
8231
8232
8233
8248
8250
8253
8254
8255
8256
8257
8258
8259
8260
8261
8262
8263
8267
8268
8346
8347
8348
8349
8350
8351
8352
8367
8369
8372
8373
8374
8375
8376
8377
8378
8379
8380
8381
8382
8386
8387
8465
8466
8467
8468
8469
8470
8471
8486
8488
8491
8492
8493
8494
8495
8496
8497
8498
8499
8500
8501
8505
8506
8584
8585
8586
8587
8588
8589
8590
8605
8607
8610
8611
8612
8613
8614
8615
8616
8617
8618
8619
8620
8624
8625
8703
8704
8705
8706
8707
8708
8709
8724
8726
8729
8730
8731
8732
8733
8734
8735
8736
8737
8738
8739
8743
8744
8752
8755
8756
8757
8761
8762
8763
8764
8767
8768
8769
8771
8773
8775
8776
8778
8780
8781
8784
8785
8787
8790
8791
8792
8794
8796
8797
8799
8801
8804
8805
8806
8809
8810
8811
8813
8816
8817
8818
8820
8822
8823
8826
8827
8829
8830
8833
8834
8836
8838
8839
8841
8843
8845
8846
8848
8850
8853
8854
8855
8858
8859
8860
8862
8865
8866
8867
8869
8871
8872
8875
8876
8878
8879
8882
8883
8885
8887
8888
8890
8892
8894
8895
8897
8899
8902
8903
8904
8907
8908
8909
8911
8914
8915
8916
8918
8920
8921
8924
8925
8927
8928
8931
8932
8934
8936
8937
8939
8941
8943
8944
8946
8948
8951
8952
8953
8956
8957
8958
8960
8963
8964
8965
8967
8969
8970
8973
8974
8976
8977
8980
8981
8983
8985
8986
8988
8990
8992
8993
8995
8997
9000
9001
9002
9005
9006
9007
9009
9012
9013
9014
9016
9018
9019
9022
9023
9025
9026
9029
9030
9032
9034
9035
9037
9039
9041
9042
9044
9046
9049
9050
9051
9054
9055
9056
9058
9061
9062
9063
9065
9067
9068
9071
9072
9074
9075
9078
9079
9081
9083
9084
9086
9088
9090
9091
9093
9095
9098
9099
9100
9103
9104
9105
9107
9110
9111
9112
9114
9116
9117
9120
9121
9123
9124
9127
9128
9130
9132
9133
9135
9137
9139
9140
9142
9145
9146
9147
9149
9152
9153
9154
9156
9160
9161
9162
9163
9165
9166
9169
9170
9172
9174
9175
9177
9179
9181
9182
9184
9186
9189
9190
9191
9665
9667
9671
9672
9673
9684
9686
9689
9692
9693
9696
9700
9706
9719
9721
9722
9727
9728
9729
9740
9742
9743
9748
9749
9750
9756
9762
9770
9776
9789
9791
9792
9797
9798
9799
9810
9812
9813
9818
9819
9820
9826
9832
9840
9846
9859
9861
9862
9867
9868
9869
9880
9882
9883
9888
9889
9890
9896
9902
9910
9916
9929
9931
9932
9937
9938
9939
9950
9952
9953
9958
9959
9960
9966
9972
9980
9986
9999
10001
10002
10007
10008
10009
10020
10022
10023
10028
10029
10030
10036
10042
10050
10056
10069
10071
10072
10077
10078
10079
10090
10092
10093
10098
10099
10100
10106
10112
10120
10126
10139
10141
10142
10147
10148
10149
10160
10162
10163
10168
10169
10170
10176
10182
10190
10196
10209
10211
10212
10217
10218
10219
10230
10232
10233
10238
10239
10240
10246
10252
10260
10266
10279
10281
10282
10287
10288
10289
10300
10302
10303
10308
10309
10310
10316
10322
10330
10336
10349
10351
10352
10357
10358
10359
10365
10368
10371
10372
10375
10379
10385
10390
10391
10392
10393
10394
10395
10396
10411
10414
10416
10417
10418
10419
10423
10424
10425
10426
10427
10428
10429
10430
10431
10441
10444
10454
10455
10457
10461
10465
10470
10472
10482
10486
10488
10489
10490
10491
10492
10493
10494
10509
10511
10514
10515
10516
10517
10518
10519
10520
10521
10522
10523
10524
10528
10529
10537
10538
10539
10540
10541
10542
10543
10558
10561
10563
10564
10565
10566
10570
10571
10572
10573
10574
10575
10576
10577
10578
10588
10592
10601
10602
10605
10608
10612
10617
10619
10629
10633
10635
10636
10637
10638
10639
10640
10641
10656
10659
10661
10662
10663
10664
10668
10669
10670
10671
10672
10673
10674
10675
10676
10686
10689
10699
10703
10708
10710
10720
10724
10726
10727
10728
10729
10730
10731
10732
10747
10749
10752
10753
10754
10755
10756
10757
10758
10759
10760
10761
10762
10766
10767
10775
10776
10777
10778
10779
10780
10781
10796
10799
10801
10802
10803
10804
10808
10809
10810
10811
10812
10813
10814
10815
10816
10826
10830
10839
10843
10848
10850
10860
10864
10866
10867
10868
10869
10870
10871
10872
10887
10890
10892
10893
10894
10895
10899
10900
10901
10902
10903
10904
10905
10906
10907
10917
10920
10930
10934
10939
10941
10951
10955
10957
10958
10959
10960
10961
10962
10963
10978
10980
10983
10984
10985
10986
10987
10988
10989
10990
10991
10992
10993
10997
10998
11006
11007
11008
11009
11010
11011
11012
11027
11030
11032
11033
11034
11035
11039
11040
11041
11042
11043
11044
11045
11046
11047
11057
11061
11070
11074
11079
11081
11091
11095
11097
11098
11099
11100
11101
11102
11103
11118
11121
11123
11124
11125
11126
11130
11131
11132
11133
11134
11135
11136
11137
11138
11148
11151
11161
11165
11170
11172
11182
11186
11188
11189
11190
11191
11192
11193
11194
11209
11211
11214
11215
11216
11217
11218
11219
11220
11221
11222
11223
11224
11228
11229
11237
11238
11239
11240
11241
11242
11243
11258
11261
11263
11264
11265
11266
11270
11271
11272
11273
11274
11275
11276
11277
11278
11288
11292
11301
11305
11310
11312
11322
11326
11328
11329
11330
11331
11332
11333
11334
11349
11352
11354
11355
11356
11357
11361
11362
11363
11364
11365
11366
11367
11368
11369
11379
11382
11392
11396
11401
11403
11413
11417
11419
11420
11421
11422
11423
11424
11425
11440
11442
11445
11446
11447
11448
11449
11450
11451
11452
11453
11454
11455
11459
11460
11468
11469
11470
11471
11472
11473
11474
11489
11492
11494
11495
11496
11497
11501
11502
11503
11504
11505
11506
11507
11508
11509
11519
11523
11532
11536
11541
11543
11553
11557
11559
11560
11561
11562
11563
11564
11565
11580
11583
11585
11586
11587
11588
11592
11593
11594
11595
11596
11597
11598
11599
11600
11610
11613
11623
11627
11632
11634
11644
11648
11650
11651
11652
11653
11654
11655
11656
11671
11673
11676
11677
11678
11679
11680
11681
11682
11683
11684
11685
11686
11690
11691
11699
11700
11701
11702
11703
11704
11705
11720
11723
11725
11726
11727
11728
11732
11733
11734
11735
11736
11737
11738
11739
11740
11750
11754
11763
11767
11772
11774
11784
11788
11790
11791
11792
11793
11794
11795
11796
11811
11814
11816
11817
11818
11819
11823
11824
11825
11826
11827
11828
11829
11830
11831
11841
11844
11854
11858
11863
11865
11875
11879
11881
11882
11883
11884
11885
11886
11887
11902
11904
11907
11908
11909
11910
11911
11912
11913
11914
11915
11916
11917
11921
11922
11930
11931
11932
11933
11934
11935
11936
11951
11954
11956
11957
11958
11959
11963
11964
11965
11966
11967
11968
11969
11970
11971
11981
11985
11994
11998
12003
12005
12015
12019
12021
12022
12023
12024
12025
12026
12027
12042
12045
12047
12048
12049
12050
12054
12055
12056
12057
12058
12059
12060
12061
12062
12072
12075
12085
12089
12094
12096
12106
12110
12113
12114
12116
12119
12120
12121
12122
12123
12124
12125
12140
12142
12145
12146
12147
12148
12149
12150
12151
12152
12153
12154
12155
12159
12160
12168
12169
12170
12171
12172
12173
12174
12189
12192
12194
12195
12196
12197
12201
12202
12203
12204
12205
12206
12207
12208
12209
12219
12223
12232
12236
12241
12243
12253
12257
12260
12261
12263
12911
12912
12914
12915
12918
12919
12920
12922
12925
12926
12927
12929
12932
12933
12934
12936
12939
12940
12941
12943
12946
12947
12948
12950
12953
12954
12955
12957
12960
12961
12962
12964
12967
12968
12969
12971
12995
12996
12997
12999
13001
13004
13005
13006
13008
13011
13012
13013
13015
13018
13019
13020
13022
13025
13026
13027
13029
13032
13033
13034
13036
13039
13040
13041
13043
13046
13047
13048
13050
13053
13054
13055
13079
13080
13081
13083
13085
13088
13089
13090
13092
13095
13096
13097
13099
13102
13103
13104
13106
13109
13110
13111
13113
13116
13117
13118
13120
13123
13124
13125
13127
13130
13131
13132
13134
13137
13138
13139
13163
13164
13165
13167
13169
13172
13173
13174
13176
13179
13180
13181
13183
13186
13187
13188
13190
13193
13194
13195
13197
13200
13201
13202
13204
13207
13208
13209
13211
13214
13215
13216
13218
13221
13222
13223
13247
13248
13249
13251
13253
13256
13257
13258
13260
13263
13264
13265
13267
13270
13271
13272
13274
13277
13278
13279
13281
13284
13285
13286
13288
13291
13292
13293
13295
13298
13299
13300
13302
13305
13306
13307
13331
13332
13333
13335
13337
13340
13341
13342
13344
13347
13348
13349
13351
13354
13355
13356
13358
13361
13362
13363
13365
13368
13369
13370
13372
13375
13376
13377
13379
13382
13383
13384
13386
13389
13390
13391
14866
14872
14887
14893
15934
15935
15936
15937
15938
15939
15940
15941
15942
15943
15944
15945
15946
15947
15948
15949
15950
15951
15952
15953
15954
15955
15956
15957
15958
15959
15960
15961
15976
15977
15978
15979
15980
15981
15982
15983
15984
15985
15986
15987
15988
15989
15990
15991
15992
15993
15994
15995
15996
16004
16005
16006
16007
16008
16009
16010
16025
16026
16027
16028
16029
16030
16031
16032
16033
16034
16035
16036
16037
16038
16039
16040
16041
16042
16043
16044
16045
16053
16054
16055
16056
16057
16058
16059
16074
16075
16076
16077
16078
16079
16080
16081
16082
16083
16084
16085
16086
16087
16088
16089
16090
16091
16092
16093
16094
16102
16103
16104
16105
16106
16107
16108
16123
16124
16125
16126
16127
16128
16129
16130
16131
16132
16133
16134
16135
16136
16137
16138
16139
16140
16141
16142
16143
16151
16152
16153
16154
16155
16156
16157
16172
16173
16174
16175
16176
16177
16178
16179
16180
16181
16182
16183
16184
16185
16186
16187
16188
16189
16190
16191
16192
16200
16201
16202
16203
16204
16205
16206
16221
16222
16223
16224
16225
16226
16227
16228
16229
16230
16231
16232
16233
16234
16235
16236
16237
16238
16239
16240
16241
16249
16250
16251
16252
16253
16254
16255
16270
16271
16272
16273
16274
16275
16276
16277
16278
16279
16280
16281
16282
16283
16284
16285
16286
16287
16288
16289
16290
16298
16299
16300
16301
16302
16303
16304
16319
16320
16321
16322
16323
16324
16325
16326
16327
16328
16329
16330
16331
16332
16333
16334
16335
16336
16337
16338
16339
16347
16348
16349
16350
16351
16352
16353
16361
16362
16363
16364
16365
16366
16367
16382
16383
16384
16385
16386
16387
16388
16389
16390
16391
16392
16393
16394
16395
16396
16397
16398
16399
16400
16401
16402
16453
16454
16455
16457
16460
16461
16462
16464
16466
16469
16470
16471
16473
16475
16477
16478
16480
16482
16483
16485
16487
16489
16490
16492
16494
16495
16498
16499
16502
16503
16504
16506
16508
16511
16512
16513
16515
16518
16519
16520
16522
16524
16525
16527
16529
16531
16532
16534
16536
16537
16540
16541
16543
16544
16547
16548
16551
16552
16553
16555
16557
16560
16561
16562
16564
16567
16568
16569
16571
16573
16574
16576
16578
16580
16581
16583
16585
16586
16589
16590
16592
16593
16596
16597
16600
16601
16602
16604
16606
16609
16610
16611
16613
16616
16617
16618
16620
16622
16623
16625
16627
16629
16630
16632
16634
16635
16638
16639
16641
16642
16645
16646
16649
16650
16651
16653
16655
16658
16659
16660
16662
16665
16666
16667
16669
16671
16672
16674
16676
16678
16679
16681
16683
16684
16687
16688
16690
16691
16694
16695
16698
16699
16700
16702
16704
16707
16708
16709
16711
16714
16715
16716
16718
16720
16721
16723
16725
16727
16728
16730
16732
16733
16736
16737
16739
16740
16743
16744
16747
16748
16749
16751
16753
16756
16757
16758
16760
16763
16764
16765
16767
16769
16770
16772
16774
16776
16777
16779
16781
16782
16785
16786
16788
16789
16792
16793
16796
16797
16798
16800
16802
16805
16806
16807
16809
16812
16813
16814
16816
16818
16819
16821
16823
16825
16826
16828
16830
16831
16834
16835
16837
16838
16841
16842
16845
16846
16848
16849
16851
16854
16855
16856
16859
16860
16861
16863
16865
16867
16868
16870
16872
16874
16876
16877
16879
16880
16883
16884
16886
16888
16889
16891
16893
16894
16895
16896
16897
16898
16899
16914
16915
16916
16917
16918
16919
16920
16921
16922
16923
16924
16925
16926
16927
16928
16929
16930
16931
16932
16933
16934
16984
16987
16988
16989
16992
16993
16994
16996
16998
17001
17002
17003
17005
17007
17008
17010
17012
17013
17016
17017
17019
17021
17022
17024
17026
17027
17030
17031
17033
17036
17037
17038
17040
17043
17044
17045
17047
17050
17051
17052
17054
17055
17058
17059
17061
17062
17065
17066
17068
17069
17072
17073
17075
17076
17079
17080
17082
17085
17086
17087
17089
17092
17093
17094
17096
17099
17100
17101
17103
17104
17107
17108
17110
17111
17114
17115
17117
17118
17121
17122
17124
17125
17128
17129
17131
17134
17135
17136
17138
17141
17142
17143
17145
17148
17149
17150
17152
17153
17156
17157
17159
17160
17163
17164
17166
17167
17170
17171
17173
17174
17177
17178
17180
17183
17184
17185
17187
17190
17191
17192
17194
17197
17198
17199
17201
17202
17205
17206
17208
17209
17212
17213
17215
17216
17219
17220
17222
17223
17226
17227
17229
17232
17233
17234
17236
17239
17240
17241
17243
17246
17247
17248
17250
17251
17254
17255
17257
17258
17261
17262
17264
17265
17268
17269
17271
17272
17275
17276
17278
17281
17282
17283
17285
17288
17289
17290
17292
17295
17296
17297
17299
17300
17303
17304
17306
17307
17310
17311
17313
17314
17317
17318
17320
17321
17324
17325
17327
17330
17331
17332
17334
17337
17338
17339
17341
17344
17345
17346
17348
17349
17352
17353
17355
17356
17359
17360
17362
17363
17366
17367
17369
17370
17373
17374
17377
17378
17379
17381
17383
17386
17387
17388
17391
17392
17393
17395
17397
17398
17401
17402
17404
17406
17407
17409
17411
17412
17415
17416
17418
17420
17421
17423
17425
17426
17427
17428
17429
17430
17431
17446
17447
17448
17449
17450
17451
17452
17453
17454
17455
17456
17457
17458
17459
17460
17461
17462
17463
17464
17465
17466
17516
17519
17520
17521
17524
17525
17526
17528
17530
17533
17534
17535
17537
17539
17540
17542
17544
17545
17548
17549
17551
17553
17554
17556
17558
17559
17562
17563
17565
17568
17569
17570
17572
17575
17576
17577
17579
17582
17583
17584
17586
17587
17590
17591
17593
17594
17597
17598
17600
17601
17604
17605
17607
17608
17611
17612
17614
17617
17618
17619
17621
17624
17625
17626
17628
17631
17632
17633
17635
17636
17639
17640
17642
17643
17646
17647
17649
17650
17653
17654
17656
17657
17660
17661
17663
17666
17667
17668
17670
17673
17674
17675
17677
17680
17681
17682
17684
17685
17688
17689
17691
17692
17695
17696
17698
17699
17702
17703
17705
17706
17709
17710
17712
17715
17716
17717
17719
17722
17723
17724
17726
17729
17730
17731
17733
17734
17737
17738
17740
17741
17744
17745
17747
17748
17751
17752
17754
17755
17758
17759
17761
17764
17765
17766
17768
17771
17772
17773
17775
17778
17779
17780
17782
17783
17786
17787
17789
17790
17793
17794
17796
17797
17800
17801
17803
17804
17807
17808
17810
17813
17814
17815
17817
17820
17821
17822
17824
17827
17828
17829
17831
17832
17835
17836
17838
17839
17842
17843
17845
17846
17849
17850
17852
17853
17856
17857
17859
17862
17863
17864
17866
17869
17870
17871
17873
17876
17877
17878
17880
17881
17884
17885
17887
17888
17891
17892
17894
17895
17898
17899
17901
17902
17905
17906
17909
17910
17911
17913
17915
17918
17919
17920
17923
17924
17925
17927
17929
17930
17933
17934
17936
17938
17939
17941
17943
17944
17947
17948
17950
17952
17953
17955
17957
17958
17959
17960
17961
17962
17963
17978
17979
17980
17981
17982
17983
17984
17985
17986
17987
17988
17989
17990
17991
17992
17993
17994
17995
17996
17997
17998
18048
18051
18052
18053
18056
18057
18058
18060
18062
18065
18066
18067
18069
18071
18072
18074
18076
18077
18080
18081
18083
18085
18086
18088
18090
18091
18094
18095
18097
18100
18101
18102
18104
18107
18108
18109
18111
18114
18115
18116
18118
18119
18122
18123
18125
18126
18129
18130
18132
18133
18136
18137
18139
18140
18143
18144
18146
18149
18150
18151
18153
18156
18157
18158
18160
18163
18164
18165
18167
18168
18171
18172
18174
18175
18178
18179
18181
18182
18185
18186
18188
18189
18192
18193
18195
18198
18199
18200
18202
18205
18206
18207
18209
18212
18213
18214
18216
18217
18220
18221
18223
18224
18227
18228
18230
18231
18234
18235
18237
18238
18241
18242
18244
18247
18248
18249
18251
18254
18255
18256
18258
18261
18262
18263
18265
18266
18269
18270
18272
18273
18276
18277
18279
18280
18283
18284
18286
18287
18290
18291
18293
18296
18297
18298
18300
18303
18304
18305
18307
18310
18311
18312
18314
18315
18318
18319
18321
18322
18325
18326
18328
18329
18332
18333
18335
18336
18339
18340
18342
18345
18346
18347
18349
18352
18353
18354
18356
18359
18360
18361
18363
18364
18367
18368
18370
18371
18374
18375
18377
18378
18381
18382
18384
18385
18388
18389
18391
18394
18395
18396
18398
18401
18402
18403
18405
18408
18409
18410
18412
18413
18416
18417
18419
18420
18423
18424
18426
18427
18430
18431
18433
18434
18437
18438
18441
18442
18443
18445
18447
18450
18451
18452
18455
18456
18457
18459
18461
18462
18465
18466
18468
18470
18471
18473
18475
18476
18479
18480
18482
18484
18485
18487
18489
18490
18491
18492
18493
18494
18495
18510
18511
18512
18513
18514
18515
18516
18517
18518
18519
18520
18521
18522
18523
18524
18525
18526
18527
18528
18529
18530
18580
18583
18584
18585
18588
18589
18590
18592
18594
18597
18598
18599
18601
18603
18604
18606
18608
18609
18612
18613
18615
18617
18618
18620
18622
18623
18626
18627
18629
18632
18633
18634
18636
18639
18640
18641
18643
18646
18647
18648
18650
18651
18654
18655
18657
18658
18661
18662
18664
18665
18668
18669
18671
18672
18675
18676
18678
18681
18682
18683
18685
18688
18689
18690
18692
18695
18696
18697
18699
18700
18703
18704
18706
18707
18710
18711
18713
18714
18717
18718
18720
18721
18724
18725
18727
18730
18731
18732
18734
18737
18738
18739
18741
18744
18745
18746
18748
18749
18752
18753
18755
18756
18759
18760
18762
18763
18766
18767
18769
18770
18773
18774
18776
18779
18780
18781
18783
18786
18787
18788
18790
18793
18794
18795
18797
18798
18801
18802
18804
18805
18808
18809
18811
18812
18815
18816
18818
18819
18822
18823
18825
18828
18829
18830
18832
18835
18836
18837
18839
18842
18843
18844
18846
18847
18850
18851
18853
18854
18857
18858
18860
18861
18864
18865
18867
18868
18871
18872
18874
18877
18878
18879
18881
18884
18885
18886
18888
18891
18892
18893
18895
18896
18899
18900
18902
18903
18906
18907
18909
18910
18913
18914
18916
18917
18920
18921
18923
18926
18927
18928
18930
18933
18934
18935
18937
18940
18941
18942
18944
18945
18948
18949
18951
18952
18955
18956
18958
18959
18962
18963
18965
18966
18969
18970
18973
18974
18975
18977
18979
18982
18983
18984
18987
18988
18989
18991
18993
18994
18997
18998
19000
19002
19003
19005
19007
19008
19011
19012
19014
19016
19017
19019
19021
19022
19023
19024
19025
19026
19027
19042
19043
19044
19045
19046
19047
19048
19049
19050
19051
19052
19053
19054
19055
19056
19057
19058
19059
19060
19061
19062
19112
19115
19116
19117
19120
19121
19123
19124
19127
19128
19129
19131
19133
19135
19136
19138
19140
19141
19144
19145
19147
19149
19151
19152
19154
19156
19157
19159
19161
19164
19165
19166
19169
19170
19171
19173
19176
19177
19178
19180
19182
19183
19186
19187
19189
19190
19193
19194
19196
19198
19199
19201
19203
19205
19206
19208
19210
19213
19214
19215
19218
19219
19220
19222
19225
19226
19227
19229
19231
19232
19235
19236
19238
19239
19242
19243
19245
19247
19248
19250
19252
19254
19255
19257
19259
19262
19263
19264
19267
19268
19269
19271
19274
19275
19276
19278
19280
19281
19284
19285
19287
19288
19291
19292
19294
19296
19297
19299
19301
19303
19304
19306
19308
19311
19312
19313
19316
19317
19318
19320
19323
19324
19325
19327
19329
19330
19333
19334
19336
19337
19340
19341
19343
19345
19346
19348
19350
19352
19353
19355
19357
19360
19361
19362
19365
19366
19367
19369
19372
19373
19374
19376
19378
19379
19382
19383
19385
19386
19389
19390
19392
19394
19395
19397
19399
19401
19402
19404
19406
19409
19410
19411
19414
19415
19416
19418
19421
19422
19423
19425
19427
19428
19431
19432
19434
19435
19438
19439
19441
19443
19444
19446
19448
19450
19451
19453
19455
19458
19459
19460
19463
19464
19465
19467
19470
19471
19472
19474
19476
19477
19480
19481
19483
19484
19487
19488
19490
19492
19493
19495
19497
19499
19500
19502
19505
19506
19507
19509
19512
19513
19514
19516
19519
19520
19522
19523
19525
19526
19529
19530
19532
19534
19535
19537
19539
19541
19542
19544
19546
19548
19550
19551
19553
19554
19555
19556
19557
19558
19559
19574
19575
19576
19577
19578
19579
19580
19581
19582
19583
19584
19585
19586
19587
19588
19589
19590
19591
19592
19593
19594
19651
19652
19653
19654
19655
19656
19657
19658
19659
19660
19661
19662
19663
19664
19665
19666
19667
19668
19669
19670
19671
19679
19680
19681
19682
19683
19684
19685
19693
19694
19695
19696
19697
19698
19699
19714
19715
19716
19717
19718
19719
19720
19721
19722
19723
19724
19725
19726
19727
19728
19729
19730
19731
19732
19733
19734
19742
19743
19744
19745
19746
19747
19748
19763
19764
19765
19766
19767
19768
19769
19770
19771
19772
19773
19774
19775
19776
19777
19778
19779
19780
19781
19782
19783
19791
19792
19793
19794
19795
19796
19797
19812
19813
19814
19815
19816
19817
19818
19819
19820
19821
19822
19823
19824
19825
19826
19827
19828
19829
19830
19831
19832
19840
19841
19842
19843
19844
19845
19846
19861
19862
19863
19864
19865
19866
19867
19868
19869
19870
19871
19872
19873
19874
19875
19876
19877
19878
19879
19880
19881
19889
19890
19891
19892
19893
19894
19895
19910
19911
19912
19913
19914
19915
19916
19917
19918
19919
19920
19921
19922
19923
19924
19925
19926
19927
19928
19929
19930
19938
19939
19940
19941
19942
19943
19944
19959
19960
19961
19962
19963
19964
19965
19966
19967
19968
19969
19970
19971
19972
19973
19974
19975
19976
19977
19978
19979
19987
19988
19989
19990
19991
19992
19993
20008
20009
20010
20011
20012
20013
20014
20015
20016
20017
20018
20019
20020
20021
20022
20023
20024
20025
20026
20027
20028
20036
20037
20038
20039
20040
20041
20042
20057
20058
20059
20060
20061
20062
20063
20064
20065
20066
20067
20068
20069
20070
20071
20072
20073
20074
20075
20076
20077
20085
20086
20087
20088
20089
20090
20091
20106
20107
20108
20109
20110
20111
20112
20113
20114
20115
20116
20117
20118
20119
20120
20121
20122
20123
20124
20125
20126
22402
22403
22404
22405
22406
22407
22408
22423
22424
22425
22426
22427
22428
22429
22430
22431
22432
22433
22434
22435
22436
22437
22438
22439
22440
22441
22442
22443
22451
22452
22453
22454
22455
22456
22457
22472
22473
22474
22475
22476
22477
22478
22479
22480
22481
22482
22483
22484
22485
22486
22487
22488
22489
22490
22491
22492
22500
22501
22502
22503
22504
22505
22506
22521
22522
22523
22524
22525
22526
22527
22528
22529
22530
22531
22532
22533
22534
22535
22536
22537
22538
22539
22540
22541
22549
22550
22551
22552
22553
22554
22555
22570
22571
22572
22573
22574
22575
22576
22577
22578
22579
22580
22581
22582
22583
22584
22585
22586
22587
22588
22589
22590
22598
22599
22600
22601
22602
22603
22604
22619
22620
22621
22622
22623
22624
22625
22626
22627
22628
22629
22630
22631
22632
22633
22634
22635
22636
22637
22638
22639
22647
22648
22649
22650
22651
22652
22653
22668
22669
22670
22671
22672
22673
22674
22675
22676
22677
22678
22679
22680
22681
22682
22683
22684
22685
22686
22687
22688
22696
22697
22698
22699
22700
22701
22702
22717
22718
22719
22720
22721
22722
22723
22724
22725
22726
22727
22728
22729
22730
22731
22732
22733
22734
22735
22736
22737
22745
22746
22747
22748
22749
22750
22751
22766
22767
22768
22769
22770
22771
22772
22773
22774
22775
22776
22777
22778
22779
22780
22781
22782
22783
22784
22785
22786
22794
22795
22796
22797
22798
22799
22800
22815
22816
22817
22818
22819
22820
22821
22822
22823
22824
22825
22826
22827
22828
22829
22830
22831
22832
22833
22834
22835
22843
22844
22845
22846
22847
22848
22849
22864
22865
22866
22867
22868
22869
22870
22871
22872
22873
22874
22875
22876
22877
22878
22879
22880
22881
22882
22883
22884
22892
22893
22894
22895
22896
22897
22898
22913
22914
22915
22916
22917
22918
22919
22920
22921
22922
22923
22924
22925
22926
22927
22928
22929
22930
22931
22932
22933
22941
22942
22943
22944
22945
22946
22947
22962
22963
22964
22965
22966
22967
22968
22969
22970
22971
22972
22973
22974
22975
22976
22977
22978
22979
22980
22981
22982
22990
22991
22992
22993
22994
22995
22996
23011
23012
23013
23014
23015
23016
23017
23018
23019
23020
23021
23022
23023
23024
23025
23026
23027
23028
23029
23030
23031
23039
23040
23041
23042
23043
23044
23045
23060
23061
23062
23063
23064
23065
23066
23067
23068
23069
23070
23071
23072
23073
23074
23075
23076
23077
23078
23079
23080
23088
23089
23090
23091
23092
23093
23094
23109
23110
23111
23112
23113
23114
23115
23116
23117
23118
23119
23120
23121
23122
23123
23124
23125
23126
23127
23128
23129
23137
23138
23139
23140
23141
23142
23143
23158
23159
23160
23161
23162
23163
23164
23165
23166
23167
23168
23169
23170
23171
23172
23173
23174
23175
23176
23177
23178
23186
23187
23188
23189
23190
23191
23192
23207
23208
23209
23210
23211
23212
23213
23214
23215
23216
23217
23218
23219
23220
23221
23222
23223
23224
23225
23226
23227
23235
23236
23237
23238
23239
23240
23241
23256
23257
23258
23259
23260
23261
23262
23263
23264
23265
23266
23267
23268
23269
23270
23271
23272
23273
23274
23275
23276
23284
23285
23286
23287
23288
23289
23290
23305
23306
23307
23308
23309
23310
23311
23312
23313
23314
23315
23316
23317
23318
23319
23320
23321
23322
23323
23324
23325
23333
23334
23335
23336
23337
23338
23339
23354
23355
23356
23357
23358
23359
23360
23361
23362
23363
23364
23365
23366
23367
23368
23369
23370
23371
23372
23373
23374
23382
23383
23384
23385
23386
23387
23388
23403
23404
23405
23406
23407
23408
23409
23410
23411
23412
23413
23414
23415
23416
23417
23418
23419
23420
23421
23422
23423
23431
23432
23433
23434
23435
23436
23437
23452
23453
23454
23455
23456
23457
23458
23459
23460
23461
23462
23463
23464
23465
23466
23467
23468
23469
23470
23471
23472
23480
23481
23482
23483
23484
23485
23486
23501
23502
23503
23504
23505
23506
23507
23508
23509
23510
23511
23512
23513
23514
23515
23516
23517
23518
23519
23520
23521
23530
23533
23534
23536
23537
23542
23543
23544
23545
23546
23547
23548
23549
23564
23565
23566
23567
23568
23569
23570
23571
23572
23573
23574
23575
23576
23577
23578
23579
23580
23581
23582
23583
23584
23593
23596
23597
23599
23600
23605
23613
23614
23615
23616
23617
23618
23619
23620
23621
23622
23623
23624
23625
23626
23627
23628
23629
23630
23631
23632
23633
23641
23642
23643
23644
23645
23646
23647
23662
23663
23664
23665
23666
23667
23668
23669
23670
23671
23672
23673
23674
23675
23676
23677
23678
23679
23680
23681
23682
23690
23691
23692
23693
23694
23695
23696
23704
23705
23706
23707
23708
23709
23710
23725
23726
23727
23728
23729
23730
23731
23732
23733
23734
23735
23736
23737
23738
23739
23740
23741
23742
23743
23744
23745
23760
23761
23762
23763
23764
23765
23766
23767
23768
23769
23770
23771
23772
23773
23774
23775
23776
23777
23778
23779
23780
23788
23789
23790
23791
23792
23793
23794
23802
23803
23804
23805
23806
23807
23808
23823
23824
23825
23826
23827
23828
23829
23830
23831
23832
23833
23834
23835
23836
23837
23838
23839
23840
23841
23842
23843
23851
23852
23853
23854
23855
23856
23857
23872
23873
23874
23875
23876
23877
23878
23879
23880
23881
23882
23883
23884
23885
23886
23887
23888
23889
23890
23891
23892
23907
23908
23909
23910
23911
23912
23913
23914
23915
23916
23917
23918
23919
23920
23921
23922
23923
23924
23925
23926
23927
23935
23936
23937
23938
23939
23940
23941
23949
23950
23951
23952
23953
23954
23955
23970
23971
23972
23973
23974
23975
23976
23977
23978
23979
23980
23981
23982
23983
23984
23985
23986
23987
23988
23989
23990
23998
23999
24000
24001
24002
24003
24004
24019
24020
24021
24022
24023
24024
24025
24026
24027
24028
24029
24030
24031
24032
24033
24034
24035
24036
24037
24038
24039
24054
24055
24056
24057
24058
24059
24060
24061
24062
24063
24064
24065
24066
24067
24068
24069
24070
24071
24072
24073
24074
24082
24083
24084
24085
24086
24087
24088
24096
24097
24098
24099
24100
24101
24102
24117
24118
24119
24120
24121
24122
24123
24124
24125
24126
24127
24128
24129
24130
24131
24132
24133
24134
24135
24136
24137
24145
24146
24147
24148
24149
24150
24151
24166
24167
24168
24169
24170
24171
24172
24173
24174
24175
24176
24177
24178
24179
24180
24181
24182
24183
24184
24185
24186
24201
24202
24203
24204
24205
24206
24207
24208
24209
24210
24211
24212
24213
24214
24215
24216
24217
24218
24219
24220
24221
24229
24230
24231
24232
24233
24234
24235
24243
24244
24245
24246
24247
24248
24249
24264
24265
24266
24267
24268
24269
24270
24271
24272
24273
24274
24275
24276
24277
24278
24279
24280
24281
24282
24283
24284
24292
24293
24294
24295
24296
24297
24298
24313
24314
24315
24316
24317
24318
24319
24320
24321
24322
24323
24324
24325
24326
24327
24328
24329
24330
24331
24332
24333
24348
24349
24350
24351
24352
24353
24354
24355
24356
24357
24358
24359
24360
24361
24362
24363
24364
24365
24366
24367
24368
24376
24377
24378
24379
24380
24381
24382
24390
24391
24392
24393
24394
24395
24396
24411
24412
24413
24414
24415
24416
24417
24418
24419
24420
24421
24422
24423
24424
24425
24426
24427
24428
24429
24430
24431
24439
24440
24441
24442
24443
24444
24445
24460
24461
24462
24463
24464
24465
24466
24467
24468
24469
24470
24471
24472
24473
24474
24475
24476
24477
24478
24479
24480
24495
24496
24497
24498
24499
24500
24501
24502
24503
24504
24505
24506
24507
24508
24509
24510
24511
24512
24513
24514
24515
24523
24524
24525
24526
24527
24528
24529
24537
24538
24539
24540
24541
24542
24543
24558
24559
24560
24561
24562
24563
24564
24565
24566
24567
24568
24569
24570
24571
24572
24573
24574
24575
24576
24577
24578
24586
24587
24588
24589
24590
24591
24592
24607
24608
24609
24610
24611
24612
24613
24614
24615
24616
24617
24618
24619
24620
24621
24622
24623
24624
24625
24626
24627
24642
24643
24644
24645
24646
24647
24648
24649
24650
24651
24652
24653
24654
24655
24656
24657
24658
24659
24660
24661
24662
24670
24671
24672
24673
24674
24675
24676
24684
24685
24686
24687
24688
24689
24690
24705
24706
24707
24708
24709
24710
24711
24712
24713
24714
24715
24716
24717
24718
24719
24720
24721
24722
24723
24724
24725
24733
24734
24735
24736
24737
24738
24739
24754
24755
24756
24757
24758
24759
24760
24761
24762
24763
24764
24765
24766
24767
24768
24769
24770
24771
24772
24773
24774
24796
24797
24798
24799
24800
24801
24802
24803
24804
24805
24806
24807
24808
24809
24810
24811
24812
24813
24814
24815
24816
24817
24818
24819
24820
24821
24822
24823
24831
24832
24833
24834
24835
24836
24837
24852
24853
24854
24855
24856
24857
24858
24859
24860
24861
24862
24863
24864
24865
24866
24867
24868
24869
24870
24871
24872
24887
24888
24889
24890
24891
24892
24893
24894
24895
24896
24897
24898
24899
24900
24901
24902
24903
24904
24905
24906
24907
24915
24916
24917
24918
24919
24920
24921
24929
24930
24931
24932
24933
24934
24935
24950
24951
24952
24953
24954
24955
24956
24957
24958
24959
24960
24961
24962
24963
24964
24965
24966
24967
24968
24969
24970
24992
24993
24994
24995
24996
24997
24998
24999
25000
25001
25002
25003
25004
25005
25006
25007
25008
25009
25010
25011
25012
25013
25014
25015
25016
25017
25018
25019
25034
25035
25036
25037
25038
25039
25040
25041
25042
25043
25044
25045
25046
25047
25048
25049
25050
25051
25052
25053
25054
25062
25063
25064
25065
25066
25067
25068
25077
25080
25082
25083
25087
25088
25091
25094
25095
25097
25101
25102
25104
25105
25106
25107
25108
25109
25110
25125
25126
25127
25128
25129
25130
25131
25132
25133
25134
25135
25136
25137
25138
25139
25140
25141
25142
25143
25144
25145
25160
25161
25162
25163
25164
25165
25166
25167
25168
25169
25170
25171
25172
25173
25174
25175
25176
25177
25178
25179
25180
25188
25189
25190
25191
25192
25193
25194
25209
25210
25211
25212
25213
25214
25215
25216
25217
25218
25219
25220
25221
25222
25223
25224
25225
25226
25227
25228
25229
25237
25238
25239
25240
25241
25242
25243
25252
25255
25257
25258
25262
25263
25266
25269
25270
25272
25276
25277
25279
25280
25281
25282
25283
25284
25285
25300
25301
25302
25303
25304
25305
25306
25307
25308
25309
25310
25311
25312
25313
25314
25315
25316
25317
25318
25319
25320
25335
25336
25337
25338
25339
25340
25341
25342
25343
25344
25345
25346
25347
25348
25349
25350
25351
25352
25353
25354
25355
25363
25364
25365
25366
25367
25368
25369
25384
25385
25386
25387
25388
25389
25390
25391
25392
25393
25394
25395
25396
25397
25398
25399
25400
25401
25402
25403
25404
25412
25413
25414
25415
25416
25417
25418
25427
25430
25432
25433
25437
25438
25441
25444
25445
25447
25451
25452
25454
25455
25456
25457
25458
25459
25460
25475
25476
25477
25478
25479
25480
25481
25482
25483
25484
25485
25486
25487
25488
25489
25490
25491
25492
25493
25494
25495
25510
25511
25512
25513
25514
25515
25516
25517
25518
25519
25520
25521
25522
25523
25524
25525
25526
25527
25528
25529
25530
25538
25539
25540
25541
25542
25543
25544
25559
25560
25561
25562
25563
25564
25565
25566
25567
25568
25569
25570
25571
25572
25573
25574
25575
25576
25577
25578
25579
25587
25588
25589
25590
25591
25592
25593
25602
25605
25607
25608
25612
25613
25616
25619
25620
25622
25626
25627
25629
25630
25631
25632
25633
25634
25635
25650
25651
25652
25653
25654
25655
25656
25657
25658
25659
25660
25661
25662
25663
25664
25665
25666
25667
25668
25669
25670
25685
25686
25687
25688
25689
25690
25691
25692
25693
25694
25695
25696
25697
25698
25699
25700
25701
25702
25703
25704
25705
25713
25714
25715
25716
25717
25718
25719
25734
25735
25736
25737
25738
25739
25740
25741
25742
25743
25744
25745
25746
25747
25748
25749
25750
25751
25752
25753
25754
25762
25763
25764
25765
25766
25767
25768
25777
25780
25782
25783
25787
25788
25791
25794
25795
25797
25801
25802
25804
25805
25806
25807
25808
25809
25810
25825
25826
25827
25828
25829
25830
25831
25832
25833
25834
25835
25836
25837
25838
25839
25840
25841
25842
25843
25844
25845
25860
25861
25862
25863
25864
25865
25866
25867
25868
25869
25870
25871
25872
25873
25874
25875
25876
25877
25878
25879
25880
25888
25889
25890
25891
25892
25893
25894
25909
25910
25911
25912
25913
25914
25915
25916
25917
25918
25919
25920
25921
25922
25923
25924
25925
25926
25927
25928
25929
25937
25938
25939
25940
25941
25942
25943
25952
25955
25957
25958
25962
25963
25966
25969
25970
25972
25976
25977
25979
25980
25981
25982
25983
25984
25985
26000
26001
26002
26003
26004
26005
26006
26007
26008
26009
26010
26011
26012
26013
26014
26015
26016
26017
26018
26019
26020
26035
26036
26037
26038
26039
26040
26041
26042
26043
26044
26045
26046
26047
26048
26049
26050
26051
26052
26053
26054
26055
26063
26064
26065
26066
26067
26068
26069
26084
26085
26086
26087
26088
26089
26090
26091
26092
26093
26094
26095
26096
26097
26098
26099
26100
26101
26102
26103
26104
26112
26113
26114
26115
26116
26117
26118
26127
26130
26132
26133
26137
26138
26141
26144
26145
26147
26151
26152
26154
26155
26156
26157
26158
26159
26160
26175
26176
26177
26178
26179
26180
26181
26182
26183
26184
26185
26186
26187
26188
26189
26190
26191
26192
26193
26194
26195
26210
26211
26212
26213
26214
26215
26216
26217
26218
26219
26220
26221
26222
26223
26224
26225
26226
26227
26228
26229
26230
26238
26239
26240
26241
26242
26243
26244
26259
26260
26261
26262
26263
26264
26265
26266
26267
26268
26269
26270
26271
26272
26273
26274
26275
26276
26277
26278
26279
26287
26288
26289
26290
26291
26292
26293
26302
26305
26307
26308
26312
26313
26316
26319
26320
26322
26326
26327
26336
26337
26338
26339
26340
26341
26342
26343
26344
26345
26346
26347
26348
26349
26350
26351
26352
26353
26354
26355
26356
26364
26365
26366
26367
26368
26369
26370
26385
26386
26387
26388
26389
26390
26391
26392
26393
26394
26395
26396
26397
26398
26399
26400
26401
26402
26403
26404
26405
26413
26414
26415
26416
26417
26418
26419
26441
26442
26443
26444
26445
26446
26447
26448
26449
26450
26451
26452
26453
26454
26455
26456
26457
26458
26459
26460
26461
26462
26463
26464
26465
26466
26467
26468
26477
26480
26482
26483
26487
26488
26491
26494
26496
26497
26501
26502
28023
28024
28025
28026
28027
28028
28029
28030
28031
28032
28033
28034
28035
28036
28044
28045
28046
28047
28048
28049
28050
28051
28052
28053
28054
28055
28056
28057
28072
28073
28074
28075
28076
28077
28078
28079
28080
28081
28082
28083
28084
28085
28086
28087
28088
28089
28090
28091
28092
28100
28101
28102
28103
28104
28105
28106
28121
28122
28123
28124
28125
28126
28127
28128
28129
28130
28131
28132
28133
28134
28135
28136
28137
28138
28139
28140
28141
28149
28150
28151
28152
28153
28154
28155
28170
28171
28172
28173
28174
28175
28176
28177
28178
28179
28180
28181
28182
28183
28184
28185
28186
28187
28188
28189
28190
28198
28199
28200
28201
28202
28203
28204
28219
28220
28221
28222
28223
28224
28225
28226
28227
28228
28229
28230
28231
28232
28233
28234
28235
28236
28237
28238
28239
28247
28248
28249
28250
28251
28252
28253
28268
28269
28270
28271
28272
28273
28274
28275
28276
28277
28278
28279
28280
28281
28282
28283
28284
28285
28286
28287
28288
28296
28297
28298
28299
28300
28301
28302
28317
28318
28319
28320
28321
28322
28323
28324
28325
28326
28327
28328
28329
28330
28331
28332
28333
28334
28335
28336
28337
28345
28346
28347
28348
28349
28350
28351
28366
28367
28368
28369
28370
28371
28372
28373
28374
28375
28376
28377
28378
28379
28380
28381
28382
28383
28384
28385
28386
28394
28395
28396
28397
28398
28399
28400
28415
28416
28417
28418
28419
28420
28421
28422
28423
28424
28425
28426
28427
28428
28429
28430
28431
28432
28433
28434
28435
28443
28444
28445
28446
28447
28448
28449
28464
28465
28466
28467
28468
28469
28470
28471
28472
28473
28474
28475
28476
28477
28478
28479
28480
28481
28482
28483
28484
28492
28493
28494
28495
28496
28497
28498
28506
28507
28508
28509
28510
28511
28512
28527
28528
28529
28530
28531
28532
28533
28534
28535
28536
28537
28538
28539
28540
28541
28542
28543
28544
28545
28546
28547
28555
28556
28557
28558
28559
28560
28561
28576
28577
28578
28579
28580
28581
28582
28583
28584
28585
28586
28587
28588
28589
28590
28591
28592
28593
28594
28595
28596
28604
28605
28606
28607
28608
28609
28610
28625
28626
28627
28628
28629
28630
28631
28632
28633
28634
28635
28636
28637
28638
28639
28640
28641
28642
28643
28644
28645
28653
28654
28655
28656
28657
28658
28659
28674
28675
28676
28677
28678
28679
28680
28681
28682
28683
28684
28685
28686
28687
28688
28689
28690
28691
28692
28693
28694
28702
28703
28704
28705
28706
28707
28708
28723
28724
28725
28726
28727
28728
28729
28730
28731
28732
28733
28734
28735
28736
28737
28738
28739
28740
28741
28742
28743
28751
28752
28753
28754
28755
28756
28757
28772
28773
28774
28775
28776
28777
28778
28779
28780
28781
28782
28783
28784
28785
28786
28787
28788
28789
28790
28791
28792
28800
28801
28802
28803
28804
28805
28806
28821
28822
28823
28824
28825
28826
28827
28828
28829
28830
28831
28832
28833
28834
28835
28836
28837
28838
28839
28840
28841
28849
28850
28851
28852
28853
28854
28855
28870
28871
28872
28873
28874
28875
28876
28877
28878
28879
28880
28881
28882
28883
28884
28885
28886
28887
28888
28889
28890
28905
28906
28907
28908
28909
28910
28911
28912
28913
28914
28915
28916
28917
28918
28919
28920
28921
28922
28923
28924
28925
28933
28934
28935
28936
28937
28938
28939
28947
28948
28949
28950
28951
28952
28953
28968
28969
28970
28971
28972
28973
28974
28975
28976
28977
28978
28979
28980
28981
28982
28983
28984
28985
28986
28987
28988
28996
28997
28998
28999
29000
29001
29002
29017
29018
29019
29020
29021
29022
29023
29024
29025
29026
29027
29028
29029
29030
29031
29032
29033
29034
29035
29036
29037
29045
29046
29047
29048
29049
29050
29051
29066
29067
29068
29069
29070
29071
29072
29073
29074
29075
29076
29077
29078
29079
29080
29081
29082
29083
29084
29085
29086
29094
29095
29096
29097
29098
29099
29100
29115
29116
29117
29118
29119
29120
29121
29122
29123
29124
29125
29126
29127
29128
29129
29130
29131
29132
29133
29134
29135
29143
29144
29145
29146
29147
29148
29149
29164
29165
29166
29167
29168
29169
29170
29171
29172
29173
29174
29175
29176
29177
29178
29179
29180
29181
29182
29183
29184
29192
29193
29194
29195
29196
29197
29198
29213
29214
29215
29216
29217
29218
29219
29220
29221
29222
29223
29224
29225
29226
29227
29228
29229
29230
29231
29232
29233
29241
29242
29243
29244
29245
29246
29247
29262
29263
29264
29265
29266
29267
29268
29269
29270
29271
29272
29273
29274
29275
29276
29277
29278
29279
29280
29281
29282
29290
29291
29292
29293
29294
29295
29296
29311
29312
29313
29314
29315
29316
29317
29318
29319
29320
29321
29322
29323
29324
29325
29326
29327
29328
29329
29330
29331
29346
29347
29348
29349
29350
29351
29352
29353
29354
29355
29356
29357
29358
29359
29360
29361
29362
29363
29364
29365
29366
29374
29375
29376
29377
29378
29379
29380
29388
29389
29390
29391
29392
29393
29394
29409
29410
29411
29412
29413
29414
29415
29416
29417
29418
29419
29420
29421
29422
29423
29424
29425
29426
29427
29428
29429
29437
29438
29439
29440
29441
29442
29443
29458
29459
29460
29461
29462
29463
29464
29465
29466
29467
29468
29469
29470
29471
29472
29473
29474
29475
29476
29477
29478
29486
29487
29488
29489
29490
29491
29492
29507
29508
29509
29510
29511
29512
29513
29514
29515
29516
29517
29518
29519
29520
29521
29522
29523
29524
29525
29526
29527
29535
29536
29537
29538
29539
29540
29541
29556
29557
29558
29559
29560
29561
29562
29563
29564
29565
29566
29567
29568
29569
29570
29571
29572
29573
29574
29575
29576
29584
29585
29586
29587
29588
29589
29590
29605
29606
29607
29608
29609
29610
29611
29612
29613
29614
29615
29616
29617
29618
29619
29620
29621
29622
29623
29624
29625
29633
29634
29635
29636
29637
29638
29639
29654
29655
29656
29657
29658
29659
29660
29661
29662
29663
29664
29665
29666
29667
29668
29669
29670
29671
29672
29673
29674
29682
29683
29684
29685
29686
29687
29688
29703
29704
29705
29706
29707
29708
29709
29710
29711
29712
29713
29714
29715
29716
29717
29718
29719
29720
29721
29722
29723
29731
29732
29733
29734
29735
29736
29737
29752
29753
29754
29755
29756
29757
29758
29759
29760
29761
29762
29763
29764
29765
29766
29767
29768
29769
29770
29771
29772
29787
29788
29789
29790
29791
29792
29793
29794
29795
29796
29797
29798
29799
29800
29801
29802
29803
29804
29805
29806
29807
29815
29816
29817
29818
29819
29820
29821
29829
29830
29831
29832
29833
29834
29835
29850
29851
29852
29853
29854
29855
29856
29857
29858
29859
29860
29861
29862
29863
29864
29865
29866
29867
29868
29869
29870
29878
29879
29880
29881
29882
29883
29884
29899
29900
29901
29902
29903
29904
29905
29906
29907
29908
29909
29910
29911
29912
29913
29914
29915
29916
29917
29918
29919
29927
29928
29929
29930
29931
29932
29933
29948
29949
29950
29951
29952
29953
29954
29955
29956
29957
29958
29959
29960
29961
29962
29963
29964
29965
29966
29967
29968
29976
29977
29978
29979
29980
29981
29982
29997
29998
29999
30000
30001
30002
30003
30004
30005
30006
30007
30008
30009
30010
30011
30012
30013
30014
30015
30016
30017
30025
30026
30027
30028
30029
30030
30031
30046
30047
30048
30049
30050
30051
30052
30053
30054
30055
30056
30057
30058
30059
30060
30061
30062
30063
30064
30065
30066
30074
30075
30076
30077
30078
30079
30080
30095
30096
30097
30098
30099
30100
30101
30102
30103
30104
30105
30106
30107
30108
30109
30110
30111
30112
30113
30114
30115
30123
30124
30125
30126
30127
30128
30129
30144
30145
30146
30147
30148
30149
30150
30151
30152
30153
30154
30155
30156
30157
30158
30159
30160
30161
30162
30163
30164
30172
30173
30174
30175
30176
30177
30178
30193
30194
30195
30196
30197
30198
30199
30200
30201
30202
30203
30204
30205
30206
30207
30208
30209
30210
30211
30212
30213
30228
30229
30230
30231
30232
30233
30234
30235
30236
30237
30238
30239
30240
30241
30242
30243
30244
30245
30246
30247
30248
30256
30257
30258
30259
30260
30261
30262
30270
30271
30272
30273
30274
30275
30276
30291
30292
30293
30294
30295
30296
30297
30298
30299
30300
30301
30302
30303
30304
30305
30306
30307
30308
30309
30310
30311
30319
30320
30321
30322
30323
30324
30325
30340
30341
30342
30343
30344
30345
30346
30347
30348
30349
30350
30351
30352
30353
30354
30355
30356
30357
30358
30359
30360
30368
30369
30370
30371
30372
30373
30374
30389
30390
30391
30392
30393
30394
30395
30396
30397
30398
30399
30400
30401
30402
30403
30404
30405
30406
30407
30408
30409
30417
30418
30419
30420
30421
30422
30423
30438
30439
30440
30441
30442
30443
30444
30445
30446
30447
30448
30449
30450
30451
30452
30453
30454
30455
30456
30457
30458
30466
30467
30468
30469
30470
30471
30472
30487
30488
30489
30490
30491
30492
30493
30494
30495
30496
30497
30498
30499
30500
30501
30502
30503
30504
30505
30506
30507
30515
30516
30517
30518
30519
30520
30521
30536
30537
30538
30539
30540
30541
30542
30543
30544
30545
30546
30547
30548
30549
30550
30551
30552
30553
30554
30555
30556
30564
30565
30566
30567
30568
30569
30570
30585
30586
30587
30588
30589
30590
30591
30592
30593
30594
30595
30596
30597
30598
30599
30600
30601
30602
30603
30604
30605
30613
30614
30615
30616
30617
30618
30619
30634
30635
30636
30637
30638
30639
30640
30641
30642
30643
30644
30645
30646
30647
30648
30649
30650
30651
30652
30653
30654
30669
30670
30671
30672
30673
30674
30675
30676
30677
30678
30679
30680
30681
30682
30683
30684
30685
30686
30687
30688
30689
30697
30698
30699
30700
30701
30702
30703
30718
30719
30720
30721
30722
30723
30724
30725
30726
30727
30728
30729
30730
30731
30732
30733
30734
30735
30736
30737
30738
30746
30747
30748
30749
30750
30751
30752
30760
30761
30762
30763
30764
30765
30766
30781
30782
30783
30784
30785
30786
30787
30788
30789
30790
30791
30792
30793
30794
30795
30796
30797
30798
30799
30800
30801
30816
30817
30818
30819
30820
30821
30822
30823
30824
30825
30826
30827
30828
30829
30830
30831
30832
30833
30834
30835
30836
30844
30845
30846
30847
30848
30849
30850
30858
30859
30860
30861
30862
30863
30864
30879
30880
30881
30882
30883
30884
30885
30886
30887
30888
30889
30890
30891
30892
30893
30894
30895
30896
30897
30898
30899
30907
30908
30909
30910
30911
30912
30913
30928
30929
30930
30931
30932
30933
30934
30935
30936
30937
30938
30939
30940
30941
30942
30943
30944
30945
30946
30947
30948
30963
30964
30965
30966
30967
30968
30969
30970
30971
30972
30973
30974
30975
30976
30977
30978
30979
30980
30981
30982
30983
30991
30992
30993
30994
30995
30996
30997
31005
31006
31007
31008
31009
31010
31011
31026
31027
31028
31029
31030
31031
31032
31033
31034
31035
31036
31037
31038
31039
31040
31041
31042
31043
31044
31045
31046
31054
31055
31056
31057
31058
31059
31060
31075
31076
31077
31078
31079
31080
31081
31082
31083
31084
31085
31086
31087
31088
31089
31090
31091
31092
31093
31094
31095
31110
31111
31112
31113
31114
31115
31116
31117
31118
31119
31120
31121
31122
31123
31124
31125
31126
31127
31128
31129
31130
31138
31139
31140
31141
31142
31143
31144
31152
31153
31154
31155
31156
31157
31158
31173
31174
31175
31176
31177
31178
31179
31180
31181
31182
31183
31184
31185
31186
31187
31188
31189
31190
31191
31192
31193
31201
31202
31203
31204
31205
31206
31207
31222
31223
31224
31225
31226
31227
31228
31229
31230
31231
31232
31233
31234
31235
31236
31237
31238
31239
31240
31241
31242
31257
31258
31259
31260
31261
31262
31263
31264
31265
31266
31267
31268
31269
31270
31271
31272
31273
31274
31275
31276
31277
31285
31286
31287
31288
31289
31290
31291
31299
31300
31301
31302
31303
31304
31305
31320
31321
31322
31323
31324
31325
31326
31327
31328
31329
31330
31331
31332
31333
31334
31335
31336
31337
31338
31339
31340
31348
31349
31350
31351
31352
31353
31354
31369
31370
31371
31372
31373
31374
31375
31376
31377
31378
31379
31380
31381
31382
31383
31384
31385
31386
31387
31388
31389
31404
31405
31406
31407
31408
31409
31410
31411
31412
31413
31414
31415
31416
31417
31418
31419
31420
31421
31422
31423
31424
31432
31433
31434
31435
31436
31437
31438
31446
31447
31448
31449
31450
31451
31452
31467
31468
31469
31470
31471
31472
31473
31474
31475
31476
31477
31478
31479
31480
31481
31482
31483
31484
31485
31486
31487
31495
31496
31497
31498
31499
31500
31501
31516
31517
31518
31519
31520
31521
31522
31523
31524
31525
31526
31527
31528
31529
31530
31531
31532
31533
31534
31535
31536
31551
31552
31553
31554
31555
31556
31557
31558
31559
31560
31561
31562
31563
31564
31565
31566
31567
31568
31569
31570
31571
31579
31580
31581
31582
31583
31584
31585
31593
31594
31595
31596
31597
31598
31599
31614
31615
31616
31617
31618
31619
31620
31621
31622
31623
31624
31625
31626
31627
31628
31629
31630
31631
31632
31633
31634
31642
31643
31644
31645
31646
31647
31648
31663
31664
31665
31666
31667
31668
31669
31670
31671
31672
31673
31674
31675
31676
31677
31678
31679
31680
31681
31682
31683
31698
31699
31700
31701
31702
31703
31704
31705
31706
31707
31708
31709
31710
31711
31712
31713
31714
31715
31716
31717
31718
31726
31727
31728
31729
31730
31731
31732
31740
31741
31742
31743
31744
31745
31746
31761
31762
31763
31764
31765
31766
31767
31768
31769
31770
31771
31772
31773
31774
31775
31776
31777
31778
31779
31780
31781
31789
31790
31791
31792
31793
31794
31795
31810
31811
31812
31813
31814
31815
31816
31817
31818
31819
31820
31821
31822
31823
31824
31825
31826
31827
31828
31829
31830
31845
31846
31847
31848
31849
31850
31851
31852
31853
31854
31855
31856
31857
31858
31866
31867
31868
31869
31870
31871
31872
31873
31874
31875
31876
31877
31878
31879
31887
31888
31889
31890
31891
31892
31893
31908
31909
31910
31911
31912
31913
31914
31915
31916
31917
31918
31919
31920
31921
31922
31923
31924
31925
31926
31927
31928
31943
31944
31945
31946
31947
31948
31949
31950
31951
31952
31953
31954
31955
31956
31957
31958
31959
31960
31961
31962
31963
31971
31972
31973
31974
31975
31976
31977
31985
31986
31987
31988
31989
31990
31991
32006
32007
32008
32009
32010
32011
32012
32013
32014
32015
32016
32017
32018
32019
32020
32021
32022
32023
32024
32025
32026
32041
32042
32043
32044
32045
32046
32047
32048
32049
32050
32051
32052
32053
32054
32055
32056
32057
32058
32059
32060
32061
32069
32070
32071
32072
32073
32074
32075
32083
32084
32085
32086
32087
32088
32089
32104
32105
32106
32107
32108
32109
32110
32111
32112
32113
32114
32115
32116
32117
32118
32119
32120
32121
32122
32123
32124
32132
32133
32134
32135
32136
32137
32138
32153
32154
32155
32156
32157
32158
32159
32160
32161
32162
32163
32164
32165
32166
32167
32168
32169
32170
32171
32172
32173
32181
32182
32183
32184
32185
32186
32187
32202
32203
32204
32205
32206
32207
32208
32209
32210
32211
32212
32213
32214
32215
32216
32217
32218
32219
32220
32221
32222
32230
32231
32232
32233
32234
32235
32236
32251
32252
32253
32254
32255
32256
32257
32258
32259
32260
32261
32262
32263
32264
32265
32266
32267
32268
32269
32270
32271
32279
32280
32281
32282
32283
32284
32285
32300
32301
32302
32303
32304
32305
32306
32307
32308
32309
32310
32311
32312
32313
32314
32315
32316
32317
32318
32319
32320
32328
32329
32330
32331
32332
32333
32334
32349
32350
32351
32352
32353
32354
32355
32356
32357
32358
32359
32360
32361
32362
32363
32364
32365
32366
32367
32368
32369
32377
32378
32379
32380
32381
32382
32383
32398
32399
32400
32401
32402
32403
32404
32405
32406
32407
32408
32409
32410
32411
32412
32413
32414
32415
32416
32417
32418
32426
32427
32428
32429
32430
32431
32432
32447
32448
32449
32450
32451
32452
32453
32454
32455
32456
32457
32458
32459
32460
32461
32462
32463
32464
32465
32466
32467
32475
32476
32477
32478
32479
32480
32481
32496
32497
32498
32499
32500
32501
32502
32503
32504
32505
32506
32507
32508
32509
32510
32511
32512
32513
32514
32515
32516
32524
32525
32526
32527
32528
32529
32530
32545
32546
32547
32548
32549
32550
32551
32552
32553
32554
32555
32556
32557
32558
32559
32560
32561
32562
32563
32564
32565
32573
32574
32575
32576
32577
32578
32579
32594
32595
32596
32597
32598
32599
32600
32601
32602
32603
32604
32605
32606
32607
32608
32609
32610
32611
32612
32613
32614
32622
32623
32624
32625
32626
32627
32628
32643
32644
32645
32646
32647
32648
32649
32650
32651
32652
32653
32654
32655
32656
32657
32658
32659
32660
32661
32662
32663
32671
32672
32673
32674
32675
32676
32677
32692
32693
32694
32695
32696
32697
32698
32699
32700
32701
32702
32703
32704
32705
32706
32707
32708
32709
32710
32711
32712
32720
32721
32722
32723
32724
32725
32726
32741
32742
32743
32744
32745
32746
32747
32748
32749
32750
32751
32752
32753
32754
32755
32756
32757
32758
32759
32760
32761
32769
32770
32771
32772
32773
32774
32775
32790
32791
32792
32793
32794
32795
32796
32797
32798
32799
32800
32801
32802
32803
32804
32805
32806
32807
32808
32809
32810
32818
32819
32820
32821
32822
32823
32824
32839
32840
32841
32842
32843
32844
32845
32846
32847
32848
32849
32850
32851
32852
32853
32854
32855
32856
32857
32858
32859
32867
32868
32869
32870
32871
32872
32873
32888
32889
32890
32891
32892
32893
32894
32895
32896
32897
32898
32899
32900
32901
32902
32903
32904
32905
32906
32907
32908
32916
32917
32918
32919
32920
32921
32922
32937
32938
32939
32940
32941
32942
32943
32944
32945
32946
32947
32948
32949
32950
32951
32952
32953
32954
32955
32956
32957
32965
32966
32967
32968
32969
32970
32971
32986
32987
32988
32989
32990
32991
32992
32993
32994
32995
32996
32997
32998
32999
33000
33001
33002
33003
33004
33005
33006
33014
33015
33016
33017
33018
33019
33020
33035
33036
33037
33038
33039
33040
33041
33042
33043
33044
33045
33046
33047
33048
33049
33050
33051
33052
33053
33054
33055
33063
33064
33065
33066
33067
33068
33069
33084
33085
33086
33087
33088
33089
33090
33091
33092
33093
33094
33095
33096
33097
33098
33099
33100
33101
33102
33103
33104
33112
33113
33114
33115
33116
33117
33118
33133
33134
33135
33136
33137
33138
33139
33140
33141
33142
33143
33144
33145
33146
33147
33148
33149
33150
33151
33152
33153
33168
33169
33170
33171
33172
33173
33174
33175
33176
33177
33178
33179
33180
33181
33182
33183
33184
33185
33186
33187
33188
33196
33197
33198
33199
33200
33201
33202
33210
33211
33212
33213
33214
33215
33216
33231
33232
33233
33234
33235
33236
33237
33238
33239
33240
33241
33242
33243
33244
33245
33246
33247
33248
33249
33250
33251
33266
33267
33268
33269
33270
33271
33272
33273
33274
33275
33276
33277
33278
33279
33280
33281
33282
33283
33284
33285
33286
33294
33295
33296
33297
33298
33299
33300
33308
33309
33310
33311
33312
33313
33314
33329
33330
33331
33332
33333
33334
33335
33336
33337
33338
33339
33340
33341
33342
33343
33344
33345
33346
33347
33348
33349
33364
33365
33366
33367
33368
33369
33370
33371
33372
33373
33374
33375
33376
33377
33378
33379
33380
33381
33382
33383
33384
33392
33393
33394
33395
33396
33397
33398
33406
33407
33408
33409
33410
33411
33412
33427
33428
33429
33430
33431
33432
33433
33434
33435
33436
33437
33438
33439
33440
33441
33442
33443
33444
33445
33446
33447
33455
33456
33457
33458
33459
33460
33461
33476
33477
33478
33479
33480
33481
33482
33483
33484
33485
33486
33487
33488
33489
33490
33491
33492
33493
33494
33495
33496
33504
33505
33506
33507
33508
33509
33510
33525
33526
33527
33528
33529
33530
33531
33532
33533
33534
33535
33536
33537
33538
33539
33540
33541
33542
33543
33544
33545
33553
33554
33555
33556
33557
33558
33559
33574
33575
33576
33577
33578
33579
33580
33581
33582
33583
33584
33585
33586
33587
33588
33589
33590
33591
33592
33593
33594
33602
33603
33604
33605
33606
33607
33608
33623
33624
33625
33626
33627
33628
33629
33630
33631
33632
33633
33634
33635
33636
33637
33638
33639
33640
33641
33642
33643
33651
33652
33653
33654
33655
33656
33657
33672
33673
33674
33675
33676
33677
33678
33679
33680
33681
33682
33683
33684
33685
33686
33687
33688
33689
33690
33691
33692
33700
33701
33702
33703
33704
33705
33706
33721
33722
33723
33724
33725
33726
33727
33728
33729
33730
33731
33732
33733
33734
33735
33736
33737
33738
33739
33740
33741
33749
33750
33751
33752
33753
33754
33755
33770
33771
33772
33773
33774
33775
33776
33777
33778
33779
33780
33781
33782
33783
33784
33785
33786
33787
33788
33789
33790
33798
33799
33800
33801
33802
33803
33804
33819
33820
33821
33822
33823
33824
33825
33826
33827
33828
33829
33830
33831
33832
33833
33834
33835
33836
33837
33838
33839
33847
33848
33849
33850
33851
33852
33853
33868
33869
33870
33871
33872
33873
33874
33875
33876
33877
33878
33879
33880
33881
33882
33883
33884
33885
33886
33887
33888
33896
33897
33898
33899
33900
33901
33902
33917
33918
33919
33920
33921
33922
33923
33924
33925
33926
33927
33928
33929
33930
33931
33932
33933
33934
33935
33936
33937
33945
33946
33947
33948
33949
33950
33951
33966
33967
33968
33969
33970
33971
33972
33973
33974
33975
33976
33977
33978
33979
33980
33981
33982
33983
33984
33985
33986
33994
33995
33996
33997
33998
33999
34000
34015
34016
34017
34018
34019
34020
34021
34022
34023
34024
34025
34026
34027
34028
34029
34030
34031
34032
34033
34034
34035
34043
34044
34045
34046
34047
34048
34049
34064
34065
34066
34067
34068
34069
34070
34071
34072
34073
34074
34075
34076
34077
34078
34079
34080
34081
34082
34083
34084
34092
34093
34094
34095
34096
34097
34098
34113
34114
34115
34116
34117
34118
34119
34120
34121
34122
34123
34124
34125
34126
34127
34128
34129
34130
34131
34132
34133
34141
34142
34143
34144
34145
34146
34147
34162
34163
34164
34165
34166
34167
34168
34169
34170
34171
34172
34173
34174
34175
34176
34177
34178
34179
34180
34181
34182
34190
34191
34192
34193
34194
34195
34196
34211
34212
34213
34214
34215
34216
34217
34218
34219
34220
34221
34222
34223
34224
34225
34226
34227
34228
34229
34230
34231
34239
34240
34241
34242
34243
34244
34245
34260
34261
34262
34263
34264
34265
34266
34267
34268
34269
34270
34271
34272
34273
34274
34275
34276
34277
34278
34279
34280
34288
34289
34290
34291
34292
34293
34294
34309
34310
34311
34312
34313
34314
34315
34316
34317
34318
34319
34320
34321
34322
34323
34324
34325
34326
34327
34328
34329
34337
34338
34339
34340
34341
34342
34343
34358
34359
34360
34361
34362
34363
34364
34365
34366
34367
34368
34369
34370
34371
34372
34373
34374
34375
34376
34377
34378
34386
34387
34388
34389
34390
34391
34392
34407
34408
34409
34410
34411
34412
34413
34414
34415
34416
34417
34418
34419
34420
34421
34422
34423
34424
34425
34426
34427
34435
34436
34437
34438
34439
34440
34441
34456
34457
34458
34459
34460
34461
34462
34463
34464
34465
34466
34467
34468
34469
34470
34471
34472
34473
34474
34475
34476
34491
34492
34493
34494
34495
34496
34497
34498
34499
34500
34501
34502
34503
34504
34505
34506
34507
34508
34509
34510
34511
34519
34520
34521
34522
34523
34524
34525
34533
34534
34535
34536
34537
34538
34539
34554
34555
34556
34557
34558
34559
34560
34561
34562
34563
34564
34565
34566
34567
34568
34569
34570
34571
34572
34573
34574
34589
34590
34591
34592
34593
34594
34595
34596
34597
34598
34599
34600
34601
34602
34603
34604
34605
34606
34607
34608
34609
34617
34618
34619
34620
34621
34622
34623
34631
34632
34633
34634
34635
34636
34637
34652
34653
34654
34655
34656
34657
34658
34659
34660
34661
34662
34663
34664
34665
34666
34667
34668
34669
34670
34671
34672
34687
34688
34689
34690
34691
34692
34693
34694
34695
34696
34697
34698
34699
34700
34701
34702
34703
34704
34705
34706
34707
34715
34716
34717
34718
34719
34720
34721
34729
34730
34731
34732
34733
34734
34735
34750
34751
34752
34753
34754
34755
34756
34757
34758
34759
34760
34761
34762
34763
34764
34765
34766
34767
34768
34769
34770
34778
34779
34780
34781
34782
34783
34784
34799
34800
34801
34802
34803
34804
34805
34806
34807
34808
34809
34810
34811
34812
34813
34814
34815
34816
34817
34818
34819
34827
34828
34829
34830
34831
34832
34833
34848
34849
34850
34851
34852
34853
34854
34855
34856
34857
34858
34859
34860
34861
34862
34863
34864
34865
34866
34867
34868
34876
34877
34878
34879
34880
34881
34882
34897
34898
34899
34900
34901
34902
34903
34904
34905
34906
34907
34908
34909
34910
34911
34912
34913
34914
34915
34916
34917
34925
34926
34927
34928
34929
34930
34931
34946
34947
34948
34949
34950
34951
34952
34953
34954
34955
34956
34957
34958
34959
34960
34961
34962
34963
34964
34965
34966
34974
34975
34976
34977
34978
34979
34980
34995
34996
34997
34998
34999
35000
35001
35002
35003
35004
35005
35006
35007
35008
35009
35010
35011
35012
35013
35014
35015
35023
35024
35025
35026
35027
35028
35029
35044
35045
35046
35047
35048
35049
35050
35051
35052
35053
35054
35055
35056
35057
35058
35059
35060
35061
35062
35063
35064
35072
35073
35074
35075
35076
35077
35078
35093
35094
35095
35096
35097
35098
35099
35100
35101
35102
35103
35104
35105
35106
35107
35108
35109
35110
35111
35112
35113
35121
35122
35123
35124
35125
35126
35127
35142
35143
35144
35145
35146
35147
35148
35149
35150
35151
35152
35153
35154
35155
35156
35157
35158
35159
35160
35161
35162
35170
35171
35172
35173
35174
35175
35176
35191
35192
35193
35194
35195
35196
35197
35198
35199
35200
35201
35202
35203
35204
35205
35206
35207
35208
35209
35210
35211
35219
35220
35221
35222
35223
35224
35225
35240
35241
35242
35243
35244
35245
35246
35247
35248
35249
35250
35251
35252
35253
35254
35255
35256
35257
35258
35259
35260
35268
35269
35270
35271
35272
35273
35274
35289
35290
35291
35292
35293
35294
35295
35296
35297
35298
35299
35300
35301
35302
35303
35304
35305
35306
35307
35308
35309
35317
35318
35319
35320
35321
35322
35323
35338
35339
35340
35341
35342
35343
35344
35345
35346
35347
35348
35349
35350
35351
35352
35353
35354
35355
35356
35357
35358
35366
35367
35368
35369
35370
35371
35372
35387
35388
35389
35390
35391
35392
35393
35394
35395
35396
35397
35398
35399
35400
35401
35402
35403
35404
35405
35406
35407
35415
35416
35417
35418
35419
35420
35421
35436
35437
35438
35439
35440
35441
35442
35443
35444
35445
35446
35447
35448
35449
35450
35451
35452
35453
35454
35455
35456
35464
35465
35466
35467
35468
35469
35470
35485
35486
35487
35488
35489
35490
35491
35492
35493
35494
35495
35496
35497
35498
35499
35500
35501
35502
35503
35504
35505
35513
35514
35515
35516
35517
35518
35519
35534
35535
35536
35537
35538
35539
35540
35541
35542
35543
35544
35545
35546
35547
35548
35549
35550
35551
35552
35553
35554
35562
35563
35564
35565
35566
35567
35568
35583
35584
35585
35586
35587
35588
35589
35590
35591
35592
35593
35594
35595
35596
35597
35598
35599
35600
35601
35602
35603
35611
35612
35613
35614
35615
35616
35617
35632
35633
35634
35635
35636
35637
35638
35639
35640
35641
35642
35643
35644
35645
35646
35647
35648
35649
35650
35651
35652
35660
35661
35662
35663
35664
35665
35666
35681
35682
35683
35684
35685
35686
35687
35688
35689
35690
35691
35692
35693
35694
35695
35696
35697
35698
35699
35700
35701
35709
35710
35711
35712
35713
35714
35715
35730
35731
35732
35733
35734
35735
35736
35737
35738
35739
35740
35741
35742
35743
35744
35745
35746
35747
35748
35749
35750
35758
35759
35760
35761
35762
35763
35764
35779
35780
35781
35782
35783
35784
35785
35786
35787
35788
35789
35790
35791
35792
35793
35794
35795
35796
35797
35798
35799
35814
35815
35816
35817
35818
35819
35820
35821
35822
35823
35824
35825
35826
35827
35828
35829
35830
35831
35832
35833
35834
35842
35843
35844
35845
35846
35847
35848
35856
35857
35858
35859
35860
35861
35862
35877
35878
35879
35880
35881
35882
35883
35884
35885
35886
35887
35888
35889
35890
35891
35892
35893
35894
35895
35896
35897
35912
35913
35914
35915
35916
35917
35918
35919
35920
35921
35922
35923
35924
35925
35926
35927
35928
35929
35930
35931
35932
35940
35941
35942
35943
35944
35945
35946
35954
35955
35956
35957
35958
35959
35960
35975
35976
35977
35978
35979
35980
35981
35982
35983
35984
35985
35986
35987
35988
35989
35990
35991
35992
35993
35994
35995
36010
36011
36012
36013
36014
36015
36016
36017
36018
36019
36020
36021
36022
36023
36024
36025
36026
36027
36028
36029
36030
36038
36039
36040
36041
36042
36043
36044
36052
36053
36054
36055
36056
36057
36058
36073
36074
36075
36076
36077
36078
36079
36080
36081
36082
36083
36084
36085
36086
36087
36088
36089
36090
36091
36092
36093
36101
36102
36103
36104
36105
36106
36107
36122
36123
36124
36125
36126
36127
36128
36129
36130
36131
36132
36133
36134
36135
36136
36137
36138
36139
36140
36141
36142
36150
36151
36152
36153
36154
36155
36156
36171
36172
36173
36174
36175
36176
36177
36178
36179
36180
36181
36182
36183
36184
36185
36186
36187
36188
36189
36190
36191
36199
36200
36201
36202
36203
36204
36205
36220
36221
36222
36223
36224
36225
36226
36227
36228
36229
36230
36231
36232
36233
36234
36235
36236
36237
36238
36239
36240
36248
36249
36250
36251
36252
36253
36254
36269
36270
36271
36272
36273
36274
36275
36276
36277
36278
36279
36280
36281
36282
36283
36284
36285
36286
36287
36288
36289
36297
36298
36299
36300
36301
36302
36303
36318
36319
36320
36321
36322
36323
36324
36325
36326
36327
36328
36329
36330
36331
36332
36333
36334
36335
36336
36337
36338
36346
36347
36348
36349
36350
36351
36352
36367
36368
36369
36370
36371
36372
36373
36374
36375
36376
36377
36378
36379
36380
36381
36382
36383
36384
36385
36386
36387
36395
36396
36397
36398
36399
36400
36401
36416
36417
36418
36419
36420
36421
36422
36423
36424
36425
36426
36427
36428
36429
36430
36431
36432
36433
36434
36435
36436
36444
36445
36446
36447
36448
36449
36450
36465
36466
36467
36468
36469
36470
36471
36472
36473
36474
36475
36476
36477
36478
36479
36480
36481
36482
36483
36484
36485
36493
36494
36495
36496
36497
36498
36499
36514
36515
36516
36517
36518
36519
36520
36521
36522
36523
36524
36525
36526
36527
36528
36529
36530
36531
36532
36533
36534
36542
36543
36544
36545
36546
36547
36548
36563
36564
36565
36566
36567
36568
36569
36570
36571
36572
36573
36574
36575
36576
36577
36578
36579
36580
36581
36582
36583
36591
36592
36593
36594
36595
36596
36597
36612
36613
36614
36615
36616
36617
36618
36619
36620
36621
36622
36623
36624
36625
36626
36627
36628
36629
36630
36631
36632
36640
36641
36642
36643
36644
36645
36646
36661
36662
36663
36664
36665
36666
36667
36668
36669
36670
36671
36672
36673
36674
36675
36676
36677
36678
36679
36680
36681
36689
36690
36691
36692
36693
36694
36695
36710
36711
36712
36713
36714
36715
36716
36717
36718
36719
36720
36721
36722
36723
36724
36725
36726
36727
36728
36729
36730
36738
36739
36740
36741
36742
36743
36744
36759
36760
36761
36762
36763
36764
36765
36766
36767
36768
36769
36770
36771
36772
36773
36774
36775
36776
36777
36778
36779
36787
36788
36789
36790
36791
36792
36793
36808
36809
36810
36811
36812
36813
36814
36815
36816
36817
36818
36819
36820
36821
36822
36823
36824
36825
36826
36827
36828
36836
36837
36838
36839
36840
36841
36842
36857
36858
36859
36860
36861
36862
36863
36864
36865
36866
36867
36868
36869
36870
36871
36872
36873
36874
36875
36876
36877
36885
36886
36887
36888
36889
36890
36891
36906
36907
36908
36909
36910
36911
36912
36913
36914
36915
36916
36917
36918
36919
36920
36921
36922
36923
36924
36925
36926
36934
36935
36936
36937
36938
36939
36940
36955
36956
36957
36958
36959
36960
36961
36962
36963
36964
36965
36966
36967
36968
36969
36970
36971
36972
36973
36974
36975
36983
36984
36985
36986
36987
36988
36989
37004
37005
37006
37007
37008
37009
37010
37011
37012
37013
37014
37015
37016
37017
37018
37019
37020
37021
37022
37023
37024
37032
37033
37034
37035
37036
37037
37038
37053
37054
37055
37056
37057
37058
37059
37060
37061
37062
37063
37064
37065
37066
37067
37068
37069
37070
37071
37072
37073
37081
37082
37083
37084
37085
37086
37087
37102
37103
37104
37105
37106
37107
37108
37109
37110
37111
37112
37113
37114
37115
37116
37117
37118
37119
37120
37121
37122
37137
37138
37139
37140
37141
37142
37143
37144
37145
37146
37147
37148
37149
37150
37151
37152
37153
37154
37155
37156
37157
37165
37166
37167
37168
37169
37170
37171
37179
37180
37181
37182
37183
37184
37185
37200
37201
37202
37203
37204
37205
37206
37207
37208
37209
37210
37211
37212
37213
37214
37215
37216
37217
37218
37219
37220
37235
37236
37237
37238
37239
37240
37241
37242
37243
37244
37245
37246
37247
37248
37249
37250
37251
37252
37253
37254
37255
37263
37264
37265
37266
37267
37268
37269
37277
37278
37279
37280
37281
37282
37283
37298
37299
37300
37301
37302
37303
37304
37305
37306
37307
37308
37309
37310
37311
37312
37313
37314
37315
37316
37317
37318
37333
37334
37335
37336
37337
37338
37339
37340
37341
37342
37343
37344
37345
37346
37354
37355
37356
37357
37358
37359
37360
37361
37362
37363
37364
37365
37366
37367
37382
37383
37384
37385
37386
37387
37388
37389
37390
37391
37392
37393
37394
37395
37396
37397
37398
37399
37400
37401
37402
37410
37411
37412
37413
37414
37415
37416
37424
37425
37426
37427
37428
37429
37430
37445
37446
37447
37448
37449
37450
37451
37452
37453
37454
37455
37456
37457
37458
37459
37460
37461
37462
37463
37464
37465
37480
37481
37482
37483
37484
37485
37486
37487
37488
37489
37490
37491
37492
37493
37494
37495
37496
37497
37498
37499
37500
37508
37509
37510
37511
37512
37513
37514
37529
37530
37531
37532
37533
37534
37535
37536
37537
37538
37539
37540
37541
37542
37543
37544
37545
37546
37547
37548
37549
37557
37558
37559
37560
37561
37562
37563
37571
37572
37573
37574
37575
37576
37577
37592
37593
37594
37595
37596
37597
37598
37599
37600
37601
37602
37603
37604
37605
37606
37607
37608
37609
37610
37611
37612
37627
37628
37629
37630
37631
37632
37633
37634
37635
37636
37637
37638
37639
37640
37641
37642
37643
37644
37645
37646
37647
37655
37656
37657
37658
37659
37660
37661
37676
37677
37678
37679
37680
37681
37682
37683
37684
37685
37686
37687
37688
37689
37690
37691
37692
37693
37694
37695
37696
37704
37705
37706
37707
37708
37709
37710
37718
37719
37720
37721
37722
37723
37724
37739
37740
37741
37742
37743
37744
37745
37746
37747
37748
37749
37750
37751
37752
37753
37754
37755
37756
37757
37758
37759
37774
37775
37776
37777
37778
37779
37780
37781
37782
37783
37784
37785
37786
37787
37788
37789
37790
37791
37792
37793
37794
37802
37803
37804
37805
37806
37807
37808
37823
37824
37825
37826
37827
37828
37829
37830
37831
37832
37833
37834
37835
37836
37837
37838
37839
37840
37841
37842
37843
37851
37852
37853
37854
37855
37856
37857
37865
37866
37867
37868
37869
37870
37871
37886
37887
37888
37889
37890
37891
37892
37893
37894
37895
37896
37897
37898
37899
37900
37901
37902
37903
37904
37905
37906
37921
37922
37923
37924
37925
37926
37927
37928
37929
37930
37931
37932
37933
37934
37935
37936
37937
37938
37939
37940
37941
37949
37950
37951
37952
37953
37954
37955
37970
37971
37972
37973
37974
37975
37976
37977
37978
37979
37980
37981
37982
37983
37984
37985
37986
37987
37988
37989
37990
37998
37999
38000
38001
38002
38003
38004
38012
38013
38014
38015
38016
38017
38018
38033
38034
38035
38036
38037
38038
38039
38040
38041
38042
38043
38044
38045
38046
38047
38048
38049
38050
38051
38052
38053
38068
38069
38070
38071
38072
38073
38074
38075
38076
38077
38078
38079
38080
38081
38082
38083
38084
38085
38086
38087
38088
38096
38097
38098
38099
38100
38101
38102
38117
38118
38119
38120
38121
38122
38123
38124
38125
38126
38127
38128
38129
38130
38131
38132
38133
38134
38135
38136
38137
38145
38146
38147
38148
38149
38150
38151
38159
38160
38161
38162
38163
38164
38165
38180
38181
38182
38183
38184
38185
38186
38187
38188
38189
38190
38191
38192
38193
38194
38195
38196
38197
38198
38199
38200
38215
38216
38217
38218
38219
38220
38221
38222
38223
38224
38225
38226
38227
38228
38229
38230
38231
38232
38233
38234
38235
38243
38244
38245
38246
38247
38248
38249
38264
38265
38266
38267
38268
38269
38270
38271
38272
38273
38274
38275
38276
38277
38278
38279
38280
38281
38282
38283
38284
38292
38293
38294
38295
38296
38297
38298
38306
38307
38308
38309
38310
38311
38312
38327
38328
38329
38330
38331
38332
38333
38334
38335
38336
38337
38338
38339
38340
38341
38342
38343
38344
38345
38346
38347
38362
38363
38364
38365
38366
38367
38368
38369
38370
38371
38372
38373
38374
38375
38376
38377
38378
38379
38380
38381
38382
38390
38391
38392
38393
38394
38395
38396
38411
38412
38413
38414
38415
38416
38417
38418
38419
38420
38421
38422
38423
38424
38425
38426
38427
38428
38429
38430
38431
38439
38440
38441
38442
38443
38444
38445
38460
38461
38462
38463
38464
38465
38466
38467
38468
38469
38470
38471
38472
38473
38474
38475
38476
38477
38478
38479
38480
38488
38489
38490
38491
38492
38493
38494
38509
38510
38511
38512
38513
38514
38515
38516
38517
38518
38519
38520
38521
38522
38523
38524
38525
38526
38527
38528
38529
38537
38538
38539
38540
38541
38542
38543
38558
38559
38560
38561
38562
38563
38564
38565
38566
38567
38568
38569
38570
38571
38579
38580
38581
38582
38583
38584
38585
38586
38587
38588
38589
38590
38591
38592
43536
43537
43539
43550
43551
43553
43557
43558
43560
43564
43565
43567
43578
43579
43581
43585
43586
43588
43592
43593
43595
43599
43600
43602
43606
43607
43609
43613
43614
43616
43620
43621
43623
43627
43628
43631
43634
43635
43637
43641
43642
43644
43648
43649
43651
43655
43656
43658
43662
43663
43665
43669
43670
43672
43676
43677
43679
43683
43684
43687
43690
43691
43693
43697
43698
43700
43704
43705
43707
43711
43712
43714
43718
43719
43721
43725
43726
43728
43732
43733
43735
43739
43740
43743
43746
43747
43749
43753
43754
43756
43760
43761
43763
43767
43768
43770
43774
43775
43777
43781
43782
43784
43788
43789
43791
43795
43796
43799
43802
43803
43805
43809
43810
43812
43816
43817
43819
43823
43824
43826
43830
43831
43833
43837
43838
43840
43844
43845
43847
43851
43852
43855
43858
43859
43861
43865
43866
43868
43872
43873
43875
43879
43880
43882
43886
43887
43889
43893
43894
43896
43900
43901
43903
43907
43908
43911
43914
43915
43917
43921
43922
43924
43928
43929
43931
43935
43936
43938
43942
43943
43945
43956
43957
43959
43963
43964
43967
43970
43971
43973
51194
51197
51198
51200
51201
51206
51208
51211
51212
51214
51215
51220
51221
51225
51226
51236
51237
51239
51242
51246
51247
51257
51258
51260
51348
51351
51352
51354
51358
51359
51362
51365
51366
51368
51372
51373
51376
51379
51380
51382
51386
51387
51390
51393
51394
51396
51400
51401
51404
51407
51408
51410
51414
51415
51418
51421
51422
51424
51428
51429
51432
51435
51436
51438
51442
51443
51446
51449
51450
51452
51456
51457
51460
51463
51464
51466
51470
51471
51474
51477
51478
51480
51484
51485
51488
51491
51492
51494
51498
51499
51502
51505
51506
51508
51512
51513
51516
51519
51520
51522
51526
51527
51530
51533
51534
51536
51540
51541
51544
51547
51548
51550
51554
51555
51558
51561
51562
51564
51568
51569
51572
51575
51576
51578
51582
51583
51586
51589
51591
51592
51596
51597
52440
52442
52444
52447
52448
52450
52461
52462
52464
52468
52469
52471
52482
52483
52485
52489
52490
52493
52503
52504
52506
52510
52511
52513
52524
52525
52527
52531
52532
52535
52545
52546
52548
52552
52553
52555
52566
52567
52569
52573
52574
52577
52587
52588
52590
52594
52595
52597
52608
52609
52611
52615
52616
52619
52629
52630
52632
52636
52637
52639
52650
52651
52653
52657
52658
52661
52671
52672
52674
52678
52679
52681
52692
52693
52695
52699
52700
52703
52713
52714
52716
52720
52721
52723
52734
52735
52737
52741
52742
52745
52755
52756
52758
52762
52763
52765
52776
52777
52779
52783
52784
52787
52797
52799
52801
52804
52805
52807
54252
54256
54257
54266
54270
54271
)


// ************************************************************************* //
