/*--------------------------------*- C++ -*----------------------------------*\
| =========                 |                                                 |
| \\      /  F ield         | OpenFOAM: The Open Source CFD Toolbox           |
|  \\    /   O peration     | Version:  2512                                  |
|   \\  /    A nd           | Website:  www.openfoam.com                      |
|    \\/     M anipulation  |                                                 |
\*---------------------------------------------------------------------------*/
FoamFile
{
    version     2.0;
    format      ascii;
    arch        "LSB;label=32;scalar=64";
    class       vectorField;
    location    "constant/fluid_2/polyMesh";
    object      points;
}
// * * * * * * * * * * * * * * * * * * * * * * * * * * * * * * * * * * * * * //


2562
(
(0.11 0 0)
(0.11 0.005 0)
(0.11 0.01 0)
(0.11 0.015 0)
(0.11 0.02 0)
(0.11 0.025 0)
(0.11 0.03 0)
(0.11 0.035 0)
(0.11 0.04 0)
(0.11 0.045 0)
(0.11 0.05 0)
(0.11 0.055 0)
(0.11 0.06 0)
(0.11 0.065 0)
(0.11 0.07 0)
(0.11 0.075 0)
(0.11 0.08 0)
(0.11 0.085 0)
(0.11 0.09 0)
(0.11 0.095 0)
(0.11 0.1 0)
(0.11 0.105 0)
(0.11 0.11 0)
(0.11 0.115 0)
(0.11 0.12 0)
(0.11 0.125 0)
(0.11 0.13 0)
(0.11 0.135 0)
(0.11 0.14 0)
(0.11 0.145 0)
(0.11 0.15 0)
(0.11 0.155 0)
(0.11 0.16 0)
(0.11 0.165 0)
(0.11 0.17 0)
(0.11 0.175 0)
(0.11 0.18 0)
(0.11 0.185 0)
(0.11 0.19 0)
(0.11 0.195 0)
(0.11 0.2 0)
(0.11 0.205 0)
(0.11 0.21 0)
(0.11 0.215 0)
(0.11 0.22 0)
(0.11 0.225 0)
(0.11 0.23 0)
(0.11 0.235 0)
(0.11 0.24 0)
(0.11 0.245 0)
(0.11 0.25 0)
(0.11 0.255 0)
(0.11 0.26 0)
(0.11 0.265 0)
(0.11 0.27 0)
(0.11 0.275 0)
(0.11 0.28 0)
(0.11 0.285 0)
(0.11 0.29 0)
(0.11 0.295 0)
(0.11 0.3 0)
(0.11 0 0.01)
(0.11 0.005 0.01)
(0.11 0.01 0.01)
(0.11 0.015 0.01)
(0.11 0.02 0.01)
(0.11 0.025 0.01)
(0.11 0.03 0.01)
(0.11 0.035 0.01)
(0.11 0.04 0.01)
(0.11 0.045 0.01)
(0.11 0.05 0.01)
(0.11 0.055 0.01)
(0.11 0.06 0.01)
(0.11 0.065 0.01)
(0.11 0.07 0.01)
(0.11 0.075 0.01)
(0.11 0.08 0.01)
(0.11 0.085 0.01)
(0.11 0.09 0.01)
(0.11 0.095 0.01)
(0.11 0.1 0.01)
(0.11 0.105 0.01)
(0.11 0.11 0.01)
(0.11 0.115 0.01)
(0.11 0.12 0.01)
(0.11 0.125 0.01)
(0.11 0.13 0.01)
(0.11 0.135 0.01)
(0.11 0.14 0.01)
(0.11 0.145 0.01)
(0.11 0.15 0.01)
(0.11 0.155 0.01)
(0.11 0.16 0.01)
(0.11 0.165 0.01)
(0.11 0.17 0.01)
(0.11 0.175 0.01)
(0.11 0.18 0.01)
(0.11 0.185 0.01)
(0.11 0.19 0.01)
(0.11 0.195 0.01)
(0.11 0.2 0.01)
(0.11 0.205 0.01)
(0.11 0.21 0.01)
(0.11 0.215 0.01)
(0.11 0.22 0.01)
(0.11 0.225 0.01)
(0.11 0.23 0.01)
(0.11 0.235 0.01)
(0.11 0.24 0.01)
(0.11 0.245 0.01)
(0.11 0.25 0.01)
(0.11 0.255 0.01)
(0.11 0.26 0.01)
(0.11 0.265 0.01)
(0.11 0.27 0.01)
(0.11 0.275 0.01)
(0.11 0.28 0.01)
(0.11 0.285 0.01)
(0.11 0.29 0.01)
(0.11 0.295 0.01)
(0.11 0.3 0.01)
(0.115 0 0)
(0.12 0 0)
(0.125 0 0)
(0.13 0 0)
(0.135 0 0)
(0.14 0 0)
(0.145 0 0)
(0.15 0 0)
(0.155 0 0)
(0.16 0 0)
(0.165 0 0)
(0.17 0 0)
(0.175 0 0)
(0.18 0 0)
(0.185 0 0)
(0.19 0 0)
(0.195 0 0)
(0.2 0 0)
(0.205 0 0)
(0.21 0 0)
(0.115 0.005 0)
(0.12 0.005 0)
(0.125 0.005 0)
(0.13 0.005 0)
(0.135 0.005 0)
(0.14 0.005 0)
(0.145 0.005 0)
(0.15 0.005 0)
(0.155 0.005 0)
(0.16 0.005 0)
(0.165 0.005 0)
(0.17 0.005 0)
(0.175 0.005 0)
(0.18 0.005 0)
(0.185 0.005 0)
(0.19 0.005 0)
(0.195 0.005 0)
(0.2 0.005 0)
(0.205 0.005 0)
(0.21 0.005 0)
(0.115 0.01 0)
(0.12 0.01 0)
(0.125 0.01 0)
(0.13 0.01 0)
(0.135 0.01 0)
(0.14 0.01 0)
(0.145 0.01 0)
(0.15 0.01 0)
(0.155 0.01 0)
(0.16 0.01 0)
(0.165 0.01 0)
(0.17 0.01 0)
(0.175 0.01 0)
(0.18 0.01 0)
(0.185 0.01 0)
(0.19 0.01 0)
(0.195 0.01 0)
(0.2 0.01 0)
(0.205 0.01 0)
(0.21 0.01 0)
(0.115 0.015 0)
(0.12 0.015 0)
(0.125 0.015 0)
(0.13 0.015 0)
(0.135 0.015 0)
(0.14 0.015 0)
(0.145 0.015 0)
(0.15 0.015 0)
(0.155 0.015 0)
(0.16 0.015 0)
(0.165 0.015 0)
(0.17 0.015 0)
(0.175 0.015 0)
(0.18 0.015 0)
(0.185 0.015 0)
(0.19 0.015 0)
(0.195 0.015 0)
(0.2 0.015 0)
(0.205 0.015 0)
(0.21 0.015 0)
(0.115 0.02 0)
(0.12 0.02 0)
(0.125 0.02 0)
(0.13 0.02 0)
(0.135 0.02 0)
(0.14 0.02 0)
(0.145 0.02 0)
(0.15 0.02 0)
(0.155 0.02 0)
(0.16 0.02 0)
(0.165 0.02 0)
(0.17 0.02 0)
(0.175 0.02 0)
(0.18 0.02 0)
(0.185 0.02 0)
(0.19 0.02 0)
(0.195 0.02 0)
(0.2 0.02 0)
(0.205 0.02 0)
(0.21 0.02 0)
(0.115 0.025 0)
(0.12 0.025 0)
(0.125 0.025 0)
(0.13 0.025 0)
(0.135 0.025 0)
(0.14 0.025 0)
(0.145 0.025 0)
(0.15 0.025 0)
(0.155 0.025 0)
(0.16 0.025 0)
(0.165 0.025 0)
(0.17 0.025 0)
(0.175 0.025 0)
(0.18 0.025 0)
(0.185 0.025 0)
(0.19 0.025 0)
(0.195 0.025 0)
(0.2 0.025 0)
(0.205 0.025 0)
(0.21 0.025 0)
(0.115 0.03 0)
(0.12 0.03 0)
(0.125 0.03 0)
(0.13 0.03 0)
(0.135 0.03 0)
(0.14 0.03 0)
(0.145 0.03 0)
(0.15 0.03 0)
(0.155 0.03 0)
(0.16 0.03 0)
(0.165 0.03 0)
(0.17 0.03 0)
(0.175 0.03 0)
(0.18 0.03 0)
(0.185 0.03 0)
(0.19 0.03 0)
(0.195 0.03 0)
(0.2 0.03 0)
(0.205 0.03 0)
(0.21 0.03 0)
(0.115 0.035 0)
(0.12 0.035 0)
(0.125 0.035 0)
(0.13 0.035 0)
(0.135 0.035 0)
(0.14 0.035 0)
(0.145 0.035 0)
(0.15 0.035 0)
(0.155 0.035 0)
(0.16 0.035 0)
(0.165 0.035 0)
(0.17 0.035 0)
(0.175 0.035 0)
(0.18 0.035 0)
(0.185 0.035 0)
(0.19 0.035 0)
(0.195 0.035 0)
(0.2 0.035 0)
(0.205 0.035 0)
(0.21 0.035 0)
(0.115 0.04 0)
(0.12 0.04 0)
(0.125 0.04 0)
(0.13 0.04 0)
(0.135 0.04 0)
(0.14 0.04 0)
(0.145 0.04 0)
(0.15 0.04 0)
(0.155 0.04 0)
(0.16 0.04 0)
(0.165 0.04 0)
(0.17 0.04 0)
(0.175 0.04 0)
(0.18 0.04 0)
(0.185 0.04 0)
(0.19 0.04 0)
(0.195 0.04 0)
(0.2 0.04 0)
(0.205 0.04 0)
(0.21 0.04 0)
(0.115 0.045 0)
(0.12 0.045 0)
(0.125 0.045 0)
(0.13 0.045 0)
(0.135 0.045 0)
(0.14 0.045 0)
(0.145 0.045 0)
(0.15 0.045 0)
(0.155 0.045 0)
(0.16 0.045 0)
(0.165 0.045 0)
(0.17 0.045 0)
(0.175 0.045 0)
(0.18 0.045 0)
(0.185 0.045 0)
(0.19 0.045 0)
(0.195 0.045 0)
(0.2 0.045 0)
(0.205 0.045 0)
(0.21 0.045 0)
(0.115 0.05 0)
(0.12 0.05 0)
(0.125 0.05 0)
(0.13 0.05 0)
(0.135 0.05 0)
(0.14 0.05 0)
(0.145 0.05 0)
(0.15 0.05 0)
(0.155 0.05 0)
(0.16 0.05 0)
(0.165 0.05 0)
(0.17 0.05 0)
(0.175 0.05 0)
(0.18 0.05 0)
(0.185 0.05 0)
(0.19 0.05 0)
(0.195 0.05 0)
(0.2 0.05 0)
(0.205 0.05 0)
(0.21 0.05 0)
(0.115 0.055 0)
(0.12 0.055 0)
(0.125 0.055 0)
(0.13 0.055 0)
(0.135 0.055 0)
(0.14 0.055 0)
(0.145 0.055 0)
(0.15 0.055 0)
(0.155 0.055 0)
(0.16 0.055 0)
(0.165 0.055 0)
(0.17 0.055 0)
(0.175 0.055 0)
(0.18 0.055 0)
(0.185 0.055 0)
(0.19 0.055 0)
(0.195 0.055 0)
(0.2 0.055 0)
(0.205 0.055 0)
(0.21 0.055 0)
(0.115 0.06 0)
(0.12 0.06 0)
(0.125 0.06 0)
(0.13 0.06 0)
(0.135 0.06 0)
(0.14 0.06 0)
(0.145 0.06 0)
(0.15 0.06 0)
(0.155 0.06 0)
(0.16 0.06 0)
(0.165 0.06 0)
(0.17 0.06 0)
(0.175 0.06 0)
(0.18 0.06 0)
(0.185 0.06 0)
(0.19 0.06 0)
(0.195 0.06 0)
(0.2 0.06 0)
(0.205 0.06 0)
(0.21 0.06 0)
(0.115 0.065 0)
(0.12 0.065 0)
(0.125 0.065 0)
(0.13 0.065 0)
(0.135 0.065 0)
(0.14 0.065 0)
(0.145 0.065 0)
(0.15 0.065 0)
(0.155 0.065 0)
(0.16 0.065 0)
(0.165 0.065 0)
(0.17 0.065 0)
(0.175 0.065 0)
(0.18 0.065 0)
(0.185 0.065 0)
(0.19 0.065 0)
(0.195 0.065 0)
(0.2 0.065 0)
(0.205 0.065 0)
(0.21 0.065 0)
(0.115 0.07 0)
(0.12 0.07 0)
(0.125 0.07 0)
(0.13 0.07 0)
(0.135 0.07 0)
(0.14 0.07 0)
(0.145 0.07 0)
(0.15 0.07 0)
(0.155 0.07 0)
(0.16 0.07 0)
(0.165 0.07 0)
(0.17 0.07 0)
(0.175 0.07 0)
(0.18 0.07 0)
(0.185 0.07 0)
(0.19 0.07 0)
(0.195 0.07 0)
(0.2 0.07 0)
(0.205 0.07 0)
(0.21 0.07 0)
(0.115 0.075 0)
(0.12 0.075 0)
(0.125 0.075 0)
(0.13 0.075 0)
(0.135 0.075 0)
(0.14 0.075 0)
(0.145 0.075 0)
(0.15 0.075 0)
(0.155 0.075 0)
(0.16 0.075 0)
(0.165 0.075 0)
(0.17 0.075 0)
(0.175 0.075 0)
(0.18 0.075 0)
(0.185 0.075 0)
(0.19 0.075 0)
(0.195 0.075 0)
(0.2 0.075 0)
(0.205 0.075 0)
(0.21 0.075 0)
(0.115 0.08 0)
(0.12 0.08 0)
(0.125 0.08 0)
(0.13 0.08 0)
(0.135 0.08 0)
(0.14 0.08 0)
(0.145 0.08 0)
(0.15 0.08 0)
(0.155 0.08 0)
(0.16 0.08 0)
(0.165 0.08 0)
(0.17 0.08 0)
(0.175 0.08 0)
(0.18 0.08 0)
(0.185 0.08 0)
(0.19 0.08 0)
(0.195 0.08 0)
(0.2 0.08 0)
(0.205 0.08 0)
(0.21 0.08 0)
(0.115 0.085 0)
(0.12 0.085 0)
(0.125 0.085 0)
(0.13 0.085 0)
(0.135 0.085 0)
(0.14 0.085 0)
(0.145 0.085 0)
(0.15 0.085 0)
(0.155 0.085 0)
(0.16 0.085 0)
(0.165 0.085 0)
(0.17 0.085 0)
(0.175 0.085 0)
(0.18 0.085 0)
(0.185 0.085 0)
(0.19 0.085 0)
(0.195 0.085 0)
(0.2 0.085 0)
(0.205 0.085 0)
(0.21 0.085 0)
(0.115 0.09 0)
(0.12 0.09 0)
(0.125 0.09 0)
(0.13 0.09 0)
(0.135 0.09 0)
(0.14 0.09 0)
(0.145 0.09 0)
(0.15 0.09 0)
(0.155 0.09 0)
(0.16 0.09 0)
(0.165 0.09 0)
(0.17 0.09 0)
(0.175 0.09 0)
(0.18 0.09 0)
(0.185 0.09 0)
(0.19 0.09 0)
(0.195 0.09 0)
(0.2 0.09 0)
(0.205 0.09 0)
(0.21 0.09 0)
(0.115 0.095 0)
(0.12 0.095 0)
(0.125 0.095 0)
(0.13 0.095 0)
(0.135 0.095 0)
(0.14 0.095 0)
(0.145 0.095 0)
(0.15 0.095 0)
(0.155 0.095 0)
(0.16 0.095 0)
(0.165 0.095 0)
(0.17 0.095 0)
(0.175 0.095 0)
(0.18 0.095 0)
(0.185 0.095 0)
(0.19 0.095 0)
(0.195 0.095 0)
(0.2 0.095 0)
(0.205 0.095 0)
(0.21 0.095 0)
(0.115 0.1 0)
(0.12 0.1 0)
(0.125 0.1 0)
(0.13 0.1 0)
(0.135 0.1 0)
(0.14 0.1 0)
(0.145 0.1 0)
(0.15 0.1 0)
(0.155 0.1 0)
(0.16 0.1 0)
(0.165 0.1 0)
(0.17 0.1 0)
(0.175 0.1 0)
(0.18 0.1 0)
(0.185 0.1 0)
(0.19 0.1 0)
(0.195 0.1 0)
(0.2 0.1 0)
(0.205 0.1 0)
(0.21 0.1 0)
(0.115 0.105 0)
(0.12 0.105 0)
(0.125 0.105 0)
(0.13 0.105 0)
(0.135 0.105 0)
(0.14 0.105 0)
(0.145 0.105 0)
(0.15 0.105 0)
(0.155 0.105 0)
(0.16 0.105 0)
(0.165 0.105 0)
(0.17 0.105 0)
(0.175 0.105 0)
(0.18 0.105 0)
(0.185 0.105 0)
(0.19 0.105 0)
(0.195 0.105 0)
(0.2 0.105 0)
(0.205 0.105 0)
(0.21 0.105 0)
(0.115 0.11 0)
(0.12 0.11 0)
(0.125 0.11 0)
(0.13 0.11 0)
(0.135 0.11 0)
(0.14 0.11 0)
(0.145 0.11 0)
(0.15 0.11 0)
(0.155 0.11 0)
(0.16 0.11 0)
(0.165 0.11 0)
(0.17 0.11 0)
(0.175 0.11 0)
(0.18 0.11 0)
(0.185 0.11 0)
(0.19 0.11 0)
(0.195 0.11 0)
(0.2 0.11 0)
(0.205 0.11 0)
(0.21 0.11 0)
(0.115 0.115 0)
(0.12 0.115 0)
(0.125 0.115 0)
(0.13 0.115 0)
(0.135 0.115 0)
(0.14 0.115 0)
(0.145 0.115 0)
(0.15 0.115 0)
(0.155 0.115 0)
(0.16 0.115 0)
(0.165 0.115 0)
(0.17 0.115 0)
(0.175 0.115 0)
(0.18 0.115 0)
(0.185 0.115 0)
(0.19 0.115 0)
(0.195 0.115 0)
(0.2 0.115 0)
(0.205 0.115 0)
(0.21 0.115 0)
(0.115 0.12 0)
(0.12 0.12 0)
(0.125 0.12 0)
(0.13 0.12 0)
(0.135 0.12 0)
(0.14 0.12 0)
(0.145 0.12 0)
(0.15 0.12 0)
(0.155 0.12 0)
(0.16 0.12 0)
(0.165 0.12 0)
(0.17 0.12 0)
(0.175 0.12 0)
(0.18 0.12 0)
(0.185 0.12 0)
(0.19 0.12 0)
(0.195 0.12 0)
(0.2 0.12 0)
(0.205 0.12 0)
(0.21 0.12 0)
(0.115 0.125 0)
(0.12 0.125 0)
(0.125 0.125 0)
(0.13 0.125 0)
(0.135 0.125 0)
(0.14 0.125 0)
(0.145 0.125 0)
(0.15 0.125 0)
(0.155 0.125 0)
(0.16 0.125 0)
(0.165 0.125 0)
(0.17 0.125 0)
(0.175 0.125 0)
(0.18 0.125 0)
(0.185 0.125 0)
(0.19 0.125 0)
(0.195 0.125 0)
(0.2 0.125 0)
(0.205 0.125 0)
(0.21 0.125 0)
(0.115 0.13 0)
(0.12 0.13 0)
(0.125 0.13 0)
(0.13 0.13 0)
(0.135 0.13 0)
(0.14 0.13 0)
(0.145 0.13 0)
(0.15 0.13 0)
(0.155 0.13 0)
(0.16 0.13 0)
(0.165 0.13 0)
(0.17 0.13 0)
(0.175 0.13 0)
(0.18 0.13 0)
(0.185 0.13 0)
(0.19 0.13 0)
(0.195 0.13 0)
(0.2 0.13 0)
(0.205 0.13 0)
(0.21 0.13 0)
(0.115 0.135 0)
(0.12 0.135 0)
(0.125 0.135 0)
(0.13 0.135 0)
(0.135 0.135 0)
(0.14 0.135 0)
(0.145 0.135 0)
(0.15 0.135 0)
(0.155 0.135 0)
(0.16 0.135 0)
(0.165 0.135 0)
(0.17 0.135 0)
(0.175 0.135 0)
(0.18 0.135 0)
(0.185 0.135 0)
(0.19 0.135 0)
(0.195 0.135 0)
(0.2 0.135 0)
(0.205 0.135 0)
(0.21 0.135 0)
(0.115 0.14 0)
(0.12 0.14 0)
(0.125 0.14 0)
(0.13 0.14 0)
(0.135 0.14 0)
(0.14 0.14 0)
(0.145 0.14 0)
(0.15 0.14 0)
(0.155 0.14 0)
(0.16 0.14 0)
(0.165 0.14 0)
(0.17 0.14 0)
(0.175 0.14 0)
(0.18 0.14 0)
(0.185 0.14 0)
(0.19 0.14 0)
(0.195 0.14 0)
(0.2 0.14 0)
(0.205 0.14 0)
(0.21 0.14 0)
(0.115 0.145 0)
(0.12 0.145 0)
(0.125 0.145 0)
(0.13 0.145 0)
(0.135 0.145 0)
(0.14 0.145 0)
(0.145 0.145 0)
(0.15 0.145 0)
(0.155 0.145 0)
(0.16 0.145 0)
(0.165 0.145 0)
(0.17 0.145 0)
(0.175 0.145 0)
(0.18 0.145 0)
(0.185 0.145 0)
(0.19 0.145 0)
(0.195 0.145 0)
(0.2 0.145 0)
(0.205 0.145 0)
(0.21 0.145 0)
(0.115 0.15 0)
(0.12 0.15 0)
(0.125 0.15 0)
(0.13 0.15 0)
(0.135 0.15 0)
(0.14 0.15 0)
(0.145 0.15 0)
(0.15 0.15 0)
(0.155 0.15 0)
(0.16 0.15 0)
(0.165 0.15 0)
(0.17 0.15 0)
(0.175 0.15 0)
(0.18 0.15 0)
(0.185 0.15 0)
(0.19 0.15 0)
(0.195 0.15 0)
(0.2 0.15 0)
(0.205 0.15 0)
(0.21 0.15 0)
(0.115 0.155 0)
(0.12 0.155 0)
(0.125 0.155 0)
(0.13 0.155 0)
(0.135 0.155 0)
(0.14 0.155 0)
(0.145 0.155 0)
(0.15 0.155 0)
(0.155 0.155 0)
(0.16 0.155 0)
(0.165 0.155 0)
(0.17 0.155 0)
(0.175 0.155 0)
(0.18 0.155 0)
(0.185 0.155 0)
(0.19 0.155 0)
(0.195 0.155 0)
(0.2 0.155 0)
(0.205 0.155 0)
(0.21 0.155 0)
(0.115 0.16 0)
(0.12 0.16 0)
(0.125 0.16 0)
(0.13 0.16 0)
(0.135 0.16 0)
(0.14 0.16 0)
(0.145 0.16 0)
(0.15 0.16 0)
(0.155 0.16 0)
(0.16 0.16 0)
(0.165 0.16 0)
(0.17 0.16 0)
(0.175 0.16 0)
(0.18 0.16 0)
(0.185 0.16 0)
(0.19 0.16 0)
(0.195 0.16 0)
(0.2 0.16 0)
(0.205 0.16 0)
(0.21 0.16 0)
(0.115 0.165 0)
(0.12 0.165 0)
(0.125 0.165 0)
(0.13 0.165 0)
(0.135 0.165 0)
(0.14 0.165 0)
(0.145 0.165 0)
(0.15 0.165 0)
(0.155 0.165 0)
(0.16 0.165 0)
(0.165 0.165 0)
(0.17 0.165 0)
(0.175 0.165 0)
(0.18 0.165 0)
(0.185 0.165 0)
(0.19 0.165 0)
(0.195 0.165 0)
(0.2 0.165 0)
(0.205 0.165 0)
(0.21 0.165 0)
(0.115 0.17 0)
(0.12 0.17 0)
(0.125 0.17 0)
(0.13 0.17 0)
(0.135 0.17 0)
(0.14 0.17 0)
(0.145 0.17 0)
(0.15 0.17 0)
(0.155 0.17 0)
(0.16 0.17 0)
(0.165 0.17 0)
(0.17 0.17 0)
(0.175 0.17 0)
(0.18 0.17 0)
(0.185 0.17 0)
(0.19 0.17 0)
(0.195 0.17 0)
(0.2 0.17 0)
(0.205 0.17 0)
(0.21 0.17 0)
(0.115 0.175 0)
(0.12 0.175 0)
(0.125 0.175 0)
(0.13 0.175 0)
(0.135 0.175 0)
(0.14 0.175 0)
(0.145 0.175 0)
(0.15 0.175 0)
(0.155 0.175 0)
(0.16 0.175 0)
(0.165 0.175 0)
(0.17 0.175 0)
(0.175 0.175 0)
(0.18 0.175 0)
(0.185 0.175 0)
(0.19 0.175 0)
(0.195 0.175 0)
(0.2 0.175 0)
(0.205 0.175 0)
(0.21 0.175 0)
(0.115 0.18 0)
(0.12 0.18 0)
(0.125 0.18 0)
(0.13 0.18 0)
(0.135 0.18 0)
(0.14 0.18 0)
(0.145 0.18 0)
(0.15 0.18 0)
(0.155 0.18 0)
(0.16 0.18 0)
(0.165 0.18 0)
(0.17 0.18 0)
(0.175 0.18 0)
(0.18 0.18 0)
(0.185 0.18 0)
(0.19 0.18 0)
(0.195 0.18 0)
(0.2 0.18 0)
(0.205 0.18 0)
(0.21 0.18 0)
(0.115 0.185 0)
(0.12 0.185 0)
(0.125 0.185 0)
(0.13 0.185 0)
(0.135 0.185 0)
(0.14 0.185 0)
(0.145 0.185 0)
(0.15 0.185 0)
(0.155 0.185 0)
(0.16 0.185 0)
(0.165 0.185 0)
(0.17 0.185 0)
(0.175 0.185 0)
(0.18 0.185 0)
(0.185 0.185 0)
(0.19 0.185 0)
(0.195 0.185 0)
(0.2 0.185 0)
(0.205 0.185 0)
(0.21 0.185 0)
(0.115 0.19 0)
(0.12 0.19 0)
(0.125 0.19 0)
(0.13 0.19 0)
(0.135 0.19 0)
(0.14 0.19 0)
(0.145 0.19 0)
(0.15 0.19 0)
(0.155 0.19 0)
(0.16 0.19 0)
(0.165 0.19 0)
(0.17 0.19 0)
(0.175 0.19 0)
(0.18 0.19 0)
(0.185 0.19 0)
(0.19 0.19 0)
(0.195 0.19 0)
(0.2 0.19 0)
(0.205 0.19 0)
(0.21 0.19 0)
(0.115 0.195 0)
(0.12 0.195 0)
(0.125 0.195 0)
(0.13 0.195 0)
(0.135 0.195 0)
(0.14 0.195 0)
(0.145 0.195 0)
(0.15 0.195 0)
(0.155 0.195 0)
(0.16 0.195 0)
(0.165 0.195 0)
(0.17 0.195 0)
(0.175 0.195 0)
(0.18 0.195 0)
(0.185 0.195 0)
(0.19 0.195 0)
(0.195 0.195 0)
(0.2 0.195 0)
(0.205 0.195 0)
(0.21 0.195 0)
(0.115 0.2 0)
(0.12 0.2 0)
(0.125 0.2 0)
(0.13 0.2 0)
(0.135 0.2 0)
(0.14 0.2 0)
(0.145 0.2 0)
(0.15 0.2 0)
(0.155 0.2 0)
(0.16 0.2 0)
(0.165 0.2 0)
(0.17 0.2 0)
(0.175 0.2 0)
(0.18 0.2 0)
(0.185 0.2 0)
(0.19 0.2 0)
(0.195 0.2 0)
(0.2 0.2 0)
(0.205 0.2 0)
(0.21 0.2 0)
(0.115 0.205 0)
(0.12 0.205 0)
(0.125 0.205 0)
(0.13 0.205 0)
(0.135 0.205 0)
(0.14 0.205 0)
(0.145 0.205 0)
(0.15 0.205 0)
(0.155 0.205 0)
(0.16 0.205 0)
(0.165 0.205 0)
(0.17 0.205 0)
(0.175 0.205 0)
(0.18 0.205 0)
(0.185 0.205 0)
(0.19 0.205 0)
(0.195 0.205 0)
(0.2 0.205 0)
(0.205 0.205 0)
(0.21 0.205 0)
(0.115 0.21 0)
(0.12 0.21 0)
(0.125 0.21 0)
(0.13 0.21 0)
(0.135 0.21 0)
(0.14 0.21 0)
(0.145 0.21 0)
(0.15 0.21 0)
(0.155 0.21 0)
(0.16 0.21 0)
(0.165 0.21 0)
(0.17 0.21 0)
(0.175 0.21 0)
(0.18 0.21 0)
(0.185 0.21 0)
(0.19 0.21 0)
(0.195 0.21 0)
(0.2 0.21 0)
(0.205 0.21 0)
(0.21 0.21 0)
(0.115 0.215 0)
(0.12 0.215 0)
(0.125 0.215 0)
(0.13 0.215 0)
(0.135 0.215 0)
(0.14 0.215 0)
(0.145 0.215 0)
(0.15 0.215 0)
(0.155 0.215 0)
(0.16 0.215 0)
(0.165 0.215 0)
(0.17 0.215 0)
(0.175 0.215 0)
(0.18 0.215 0)
(0.185 0.215 0)
(0.19 0.215 0)
(0.195 0.215 0)
(0.2 0.215 0)
(0.205 0.215 0)
(0.21 0.215 0)
(0.115 0.22 0)
(0.12 0.22 0)
(0.125 0.22 0)
(0.13 0.22 0)
(0.135 0.22 0)
(0.14 0.22 0)
(0.145 0.22 0)
(0.15 0.22 0)
(0.155 0.22 0)
(0.16 0.22 0)
(0.165 0.22 0)
(0.17 0.22 0)
(0.175 0.22 0)
(0.18 0.22 0)
(0.185 0.22 0)
(0.19 0.22 0)
(0.195 0.22 0)
(0.2 0.22 0)
(0.205 0.22 0)
(0.21 0.22 0)
(0.115 0.225 0)
(0.12 0.225 0)
(0.125 0.225 0)
(0.13 0.225 0)
(0.135 0.225 0)
(0.14 0.225 0)
(0.145 0.225 0)
(0.15 0.225 0)
(0.155 0.225 0)
(0.16 0.225 0)
(0.165 0.225 0)
(0.17 0.225 0)
(0.175 0.225 0)
(0.18 0.225 0)
(0.185 0.225 0)
(0.19 0.225 0)
(0.195 0.225 0)
(0.2 0.225 0)
(0.205 0.225 0)
(0.21 0.225 0)
(0.115 0.23 0)
(0.12 0.23 0)
(0.125 0.23 0)
(0.13 0.23 0)
(0.135 0.23 0)
(0.14 0.23 0)
(0.145 0.23 0)
(0.15 0.23 0)
(0.155 0.23 0)
(0.16 0.23 0)
(0.165 0.23 0)
(0.17 0.23 0)
(0.175 0.23 0)
(0.18 0.23 0)
(0.185 0.23 0)
(0.19 0.23 0)
(0.195 0.23 0)
(0.2 0.23 0)
(0.205 0.23 0)
(0.21 0.23 0)
(0.115 0.235 0)
(0.12 0.235 0)
(0.125 0.235 0)
(0.13 0.235 0)
(0.135 0.235 0)
(0.14 0.235 0)
(0.145 0.235 0)
(0.15 0.235 0)
(0.155 0.235 0)
(0.16 0.235 0)
(0.165 0.235 0)
(0.17 0.235 0)
(0.175 0.235 0)
(0.18 0.235 0)
(0.185 0.235 0)
(0.19 0.235 0)
(0.195 0.235 0)
(0.2 0.235 0)
(0.205 0.235 0)
(0.21 0.235 0)
(0.115 0.24 0)
(0.12 0.24 0)
(0.125 0.24 0)
(0.13 0.24 0)
(0.135 0.24 0)
(0.14 0.24 0)
(0.145 0.24 0)
(0.15 0.24 0)
(0.155 0.24 0)
(0.16 0.24 0)
(0.165 0.24 0)
(0.17 0.24 0)
(0.175 0.24 0)
(0.18 0.24 0)
(0.185 0.24 0)
(0.19 0.24 0)
(0.195 0.24 0)
(0.2 0.24 0)
(0.205 0.24 0)
(0.21 0.24 0)
(0.115 0.245 0)
(0.12 0.245 0)
(0.125 0.245 0)
(0.13 0.245 0)
(0.135 0.245 0)
(0.14 0.245 0)
(0.145 0.245 0)
(0.15 0.245 0)
(0.155 0.245 0)
(0.16 0.245 0)
(0.165 0.245 0)
(0.17 0.245 0)
(0.175 0.245 0)
(0.18 0.245 0)
(0.185 0.245 0)
(0.19 0.245 0)
(0.195 0.245 0)
(0.2 0.245 0)
(0.205 0.245 0)
(0.21 0.245 0)
(0.115 0.25 0)
(0.12 0.25 0)
(0.125 0.25 0)
(0.13 0.25 0)
(0.135 0.25 0)
(0.14 0.25 0)
(0.145 0.25 0)
(0.15 0.25 0)
(0.155 0.25 0)
(0.16 0.25 0)
(0.165 0.25 0)
(0.17 0.25 0)
(0.175 0.25 0)
(0.18 0.25 0)
(0.185 0.25 0)
(0.19 0.25 0)
(0.195 0.25 0)
(0.2 0.25 0)
(0.205 0.25 0)
(0.21 0.25 0)
(0.115 0.255 0)
(0.12 0.255 0)
(0.125 0.255 0)
(0.13 0.255 0)
(0.135 0.255 0)
(0.14 0.255 0)
(0.145 0.255 0)
(0.15 0.255 0)
(0.155 0.255 0)
(0.16 0.255 0)
(0.165 0.255 0)
(0.17 0.255 0)
(0.175 0.255 0)
(0.18 0.255 0)
(0.185 0.255 0)
(0.19 0.255 0)
(0.195 0.255 0)
(0.2 0.255 0)
(0.205 0.255 0)
(0.21 0.255 0)
(0.115 0.26 0)
(0.12 0.26 0)
(0.125 0.26 0)
(0.13 0.26 0)
(0.135 0.26 0)
(0.14 0.26 0)
(0.145 0.26 0)
(0.15 0.26 0)
(0.155 0.26 0)
(0.16 0.26 0)
(0.165 0.26 0)
(0.17 0.26 0)
(0.175 0.26 0)
(0.18 0.26 0)
(0.185 0.26 0)
(0.19 0.26 0)
(0.195 0.26 0)
(0.2 0.26 0)
(0.205 0.26 0)
(0.21 0.26 0)
(0.115 0.265 0)
(0.12 0.265 0)
(0.125 0.265 0)
(0.13 0.265 0)
(0.135 0.265 0)
(0.14 0.265 0)
(0.145 0.265 0)
(0.15 0.265 0)
(0.155 0.265 0)
(0.16 0.265 0)
(0.165 0.265 0)
(0.17 0.265 0)
(0.175 0.265 0)
(0.18 0.265 0)
(0.185 0.265 0)
(0.19 0.265 0)
(0.195 0.265 0)
(0.2 0.265 0)
(0.205 0.265 0)
(0.21 0.265 0)
(0.115 0.27 0)
(0.12 0.27 0)
(0.125 0.27 0)
(0.13 0.27 0)
(0.135 0.27 0)
(0.14 0.27 0)
(0.145 0.27 0)
(0.15 0.27 0)
(0.155 0.27 0)
(0.16 0.27 0)
(0.165 0.27 0)
(0.17 0.27 0)
(0.175 0.27 0)
(0.18 0.27 0)
(0.185 0.27 0)
(0.19 0.27 0)
(0.195 0.27 0)
(0.2 0.27 0)
(0.205 0.27 0)
(0.21 0.27 0)
(0.115 0.275 0)
(0.12 0.275 0)
(0.125 0.275 0)
(0.13 0.275 0)
(0.135 0.275 0)
(0.14 0.275 0)
(0.145 0.275 0)
(0.15 0.275 0)
(0.155 0.275 0)
(0.16 0.275 0)
(0.165 0.275 0)
(0.17 0.275 0)
(0.175 0.275 0)
(0.18 0.275 0)
(0.185 0.275 0)
(0.19 0.275 0)
(0.195 0.275 0)
(0.2 0.275 0)
(0.205 0.275 0)
(0.21 0.275 0)
(0.115 0.28 0)
(0.12 0.28 0)
(0.125 0.28 0)
(0.13 0.28 0)
(0.135 0.28 0)
(0.14 0.28 0)
(0.145 0.28 0)
(0.15 0.28 0)
(0.155 0.28 0)
(0.16 0.28 0)
(0.165 0.28 0)
(0.17 0.28 0)
(0.175 0.28 0)
(0.18 0.28 0)
(0.185 0.28 0)
(0.19 0.28 0)
(0.195 0.28 0)
(0.2 0.28 0)
(0.205 0.28 0)
(0.21 0.28 0)
(0.115 0.285 0)
(0.12 0.285 0)
(0.125 0.285 0)
(0.13 0.285 0)
(0.135 0.285 0)
(0.14 0.285 0)
(0.145 0.285 0)
(0.15 0.285 0)
(0.155 0.285 0)
(0.16 0.285 0)
(0.165 0.285 0)
(0.17 0.285 0)
(0.175 0.285 0)
(0.18 0.285 0)
(0.185 0.285 0)
(0.19 0.285 0)
(0.195 0.285 0)
(0.2 0.285 0)
(0.205 0.285 0)
(0.21 0.285 0)
(0.115 0.29 0)
(0.12 0.29 0)
(0.125 0.29 0)
(0.13 0.29 0)
(0.135 0.29 0)
(0.14 0.29 0)
(0.145 0.29 0)
(0.15 0.29 0)
(0.155 0.29 0)
(0.16 0.29 0)
(0.165 0.29 0)
(0.17 0.29 0)
(0.175 0.29 0)
(0.18 0.29 0)
(0.185 0.29 0)
(0.19 0.29 0)
(0.195 0.29 0)
(0.2 0.29 0)
(0.205 0.29 0)
(0.21 0.29 0)
(0.115 0.295 0)
(0.12 0.295 0)
(0.125 0.295 0)
(0.13 0.295 0)
(0.135 0.295 0)
(0.14 0.295 0)
(0.145 0.295 0)
(0.15 0.295 0)
(0.155 0.295 0)
(0.16 0.295 0)
(0.165 0.295 0)
(0.17 0.295 0)
(0.175 0.295 0)
(0.18 0.295 0)
(0.185 0.295 0)
(0.19 0.295 0)
(0.195 0.295 0)
(0.2 0.295 0)
(0.205 0.295 0)
(0.21 0.295 0)
(0.115 0.3 0)
(0.12 0.3 0)
(0.125 0.3 0)
(0.13 0.3 0)
(0.135 0.3 0)
(0.14 0.3 0)
(0.145 0.3 0)
(0.15 0.3 0)
(0.155 0.3 0)
(0.16 0.3 0)
(0.165 0.3 0)
(0.17 0.3 0)
(0.175 0.3 0)
(0.18 0.3 0)
(0.185 0.3 0)
(0.19 0.3 0)
(0.195 0.3 0)
(0.2 0.3 0)
(0.205 0.3 0)
(0.21 0.3 0)
(0.115 0 0.01)
(0.12 0 0.01)
(0.125 0 0.01)
(0.13 0 0.01)
(0.135 0 0.01)
(0.14 0 0.01)
(0.145 0 0.01)
(0.15 0 0.01)
(0.155 0 0.01)
(0.16 0 0.01)
(0.165 0 0.01)
(0.17 0 0.01)
(0.175 0 0.01)
(0.18 0 0.01)
(0.185 0 0.01)
(0.19 0 0.01)
(0.195 0 0.01)
(0.2 0 0.01)
(0.205 0 0.01)
(0.21 0 0.01)
(0.115 0.005 0.01)
(0.12 0.005 0.01)
(0.125 0.005 0.01)
(0.13 0.005 0.01)
(0.135 0.005 0.01)
(0.14 0.005 0.01)
(0.145 0.005 0.01)
(0.15 0.005 0.01)
(0.155 0.005 0.01)
(0.16 0.005 0.01)
(0.165 0.005 0.01)
(0.17 0.005 0.01)
(0.175 0.005 0.01)
(0.18 0.005 0.01)
(0.185 0.005 0.01)
(0.19 0.005 0.01)
(0.195 0.005 0.01)
(0.2 0.005 0.01)
(0.205 0.005 0.01)
(0.21 0.005 0.01)
(0.115 0.01 0.01)
(0.12 0.01 0.01)
(0.125 0.01 0.01)
(0.13 0.01 0.01)
(0.135 0.01 0.01)
(0.14 0.01 0.01)
(0.145 0.01 0.01)
(0.15 0.01 0.01)
(0.155 0.01 0.01)
(0.16 0.01 0.01)
(0.165 0.01 0.01)
(0.17 0.01 0.01)
(0.175 0.01 0.01)
(0.18 0.01 0.01)
(0.185 0.01 0.01)
(0.19 0.01 0.01)
(0.195 0.01 0.01)
(0.2 0.01 0.01)
(0.205 0.01 0.01)
(0.21 0.01 0.01)
(0.115 0.015 0.01)
(0.12 0.015 0.01)
(0.125 0.015 0.01)
(0.13 0.015 0.01)
(0.135 0.015 0.01)
(0.14 0.015 0.01)
(0.145 0.015 0.01)
(0.15 0.015 0.01)
(0.155 0.015 0.01)
(0.16 0.015 0.01)
(0.165 0.015 0.01)
(0.17 0.015 0.01)
(0.175 0.015 0.01)
(0.18 0.015 0.01)
(0.185 0.015 0.01)
(0.19 0.015 0.01)
(0.195 0.015 0.01)
(0.2 0.015 0.01)
(0.205 0.015 0.01)
(0.21 0.015 0.01)
(0.115 0.02 0.01)
(0.12 0.02 0.01)
(0.125 0.02 0.01)
(0.13 0.02 0.01)
(0.135 0.02 0.01)
(0.14 0.02 0.01)
(0.145 0.02 0.01)
(0.15 0.02 0.01)
(0.155 0.02 0.01)
(0.16 0.02 0.01)
(0.165 0.02 0.01)
(0.17 0.02 0.01)
(0.175 0.02 0.01)
(0.18 0.02 0.01)
(0.185 0.02 0.01)
(0.19 0.02 0.01)
(0.195 0.02 0.01)
(0.2 0.02 0.01)
(0.205 0.02 0.01)
(0.21 0.02 0.01)
(0.115 0.025 0.01)
(0.12 0.025 0.01)
(0.125 0.025 0.01)
(0.13 0.025 0.01)
(0.135 0.025 0.01)
(0.14 0.025 0.01)
(0.145 0.025 0.01)
(0.15 0.025 0.01)
(0.155 0.025 0.01)
(0.16 0.025 0.01)
(0.165 0.025 0.01)
(0.17 0.025 0.01)
(0.175 0.025 0.01)
(0.18 0.025 0.01)
(0.185 0.025 0.01)
(0.19 0.025 0.01)
(0.195 0.025 0.01)
(0.2 0.025 0.01)
(0.205 0.025 0.01)
(0.21 0.025 0.01)
(0.115 0.03 0.01)
(0.12 0.03 0.01)
(0.125 0.03 0.01)
(0.13 0.03 0.01)
(0.135 0.03 0.01)
(0.14 0.03 0.01)
(0.145 0.03 0.01)
(0.15 0.03 0.01)
(0.155 0.03 0.01)
(0.16 0.03 0.01)
(0.165 0.03 0.01)
(0.17 0.03 0.01)
(0.175 0.03 0.01)
(0.18 0.03 0.01)
(0.185 0.03 0.01)
(0.19 0.03 0.01)
(0.195 0.03 0.01)
(0.2 0.03 0.01)
(0.205 0.03 0.01)
(0.21 0.03 0.01)
(0.115 0.035 0.01)
(0.12 0.035 0.01)
(0.125 0.035 0.01)
(0.13 0.035 0.01)
(0.135 0.035 0.01)
(0.14 0.035 0.01)
(0.145 0.035 0.01)
(0.15 0.035 0.01)
(0.155 0.035 0.01)
(0.16 0.035 0.01)
(0.165 0.035 0.01)
(0.17 0.035 0.01)
(0.175 0.035 0.01)
(0.18 0.035 0.01)
(0.185 0.035 0.01)
(0.19 0.035 0.01)
(0.195 0.035 0.01)
(0.2 0.035 0.01)
(0.205 0.035 0.01)
(0.21 0.035 0.01)
(0.115 0.04 0.01)
(0.12 0.04 0.01)
(0.125 0.04 0.01)
(0.13 0.04 0.01)
(0.135 0.04 0.01)
(0.14 0.04 0.01)
(0.145 0.04 0.01)
(0.15 0.04 0.01)
(0.155 0.04 0.01)
(0.16 0.04 0.01)
(0.165 0.04 0.01)
(0.17 0.04 0.01)
(0.175 0.04 0.01)
(0.18 0.04 0.01)
(0.185 0.04 0.01)
(0.19 0.04 0.01)
(0.195 0.04 0.01)
(0.2 0.04 0.01)
(0.205 0.04 0.01)
(0.21 0.04 0.01)
(0.115 0.045 0.01)
(0.12 0.045 0.01)
(0.125 0.045 0.01)
(0.13 0.045 0.01)
(0.135 0.045 0.01)
(0.14 0.045 0.01)
(0.145 0.045 0.01)
(0.15 0.045 0.01)
(0.155 0.045 0.01)
(0.16 0.045 0.01)
(0.165 0.045 0.01)
(0.17 0.045 0.01)
(0.175 0.045 0.01)
(0.18 0.045 0.01)
(0.185 0.045 0.01)
(0.19 0.045 0.01)
(0.195 0.045 0.01)
(0.2 0.045 0.01)
(0.205 0.045 0.01)
(0.21 0.045 0.01)
(0.115 0.05 0.01)
(0.12 0.05 0.01)
(0.125 0.05 0.01)
(0.13 0.05 0.01)
(0.135 0.05 0.01)
(0.14 0.05 0.01)
(0.145 0.05 0.01)
(0.15 0.05 0.01)
(0.155 0.05 0.01)
(0.16 0.05 0.01)
(0.165 0.05 0.01)
(0.17 0.05 0.01)
(0.175 0.05 0.01)
(0.18 0.05 0.01)
(0.185 0.05 0.01)
(0.19 0.05 0.01)
(0.195 0.05 0.01)
(0.2 0.05 0.01)
(0.205 0.05 0.01)
(0.21 0.05 0.01)
(0.115 0.055 0.01)
(0.12 0.055 0.01)
(0.125 0.055 0.01)
(0.13 0.055 0.01)
(0.135 0.055 0.01)
(0.14 0.055 0.01)
(0.145 0.055 0.01)
(0.15 0.055 0.01)
(0.155 0.055 0.01)
(0.16 0.055 0.01)
(0.165 0.055 0.01)
(0.17 0.055 0.01)
(0.175 0.055 0.01)
(0.18 0.055 0.01)
(0.185 0.055 0.01)
(0.19 0.055 0.01)
(0.195 0.055 0.01)
(0.2 0.055 0.01)
(0.205 0.055 0.01)
(0.21 0.055 0.01)
(0.115 0.06 0.01)
(0.12 0.06 0.01)
(0.125 0.06 0.01)
(0.13 0.06 0.01)
(0.135 0.06 0.01)
(0.14 0.06 0.01)
(0.145 0.06 0.01)
(0.15 0.06 0.01)
(0.155 0.06 0.01)
(0.16 0.06 0.01)
(0.165 0.06 0.01)
(0.17 0.06 0.01)
(0.175 0.06 0.01)
(0.18 0.06 0.01)
(0.185 0.06 0.01)
(0.19 0.06 0.01)
(0.195 0.06 0.01)
(0.2 0.06 0.01)
(0.205 0.06 0.01)
(0.21 0.06 0.01)
(0.115 0.065 0.01)
(0.12 0.065 0.01)
(0.125 0.065 0.01)
(0.13 0.065 0.01)
(0.135 0.065 0.01)
(0.14 0.065 0.01)
(0.145 0.065 0.01)
(0.15 0.065 0.01)
(0.155 0.065 0.01)
(0.16 0.065 0.01)
(0.165 0.065 0.01)
(0.17 0.065 0.01)
(0.175 0.065 0.01)
(0.18 0.065 0.01)
(0.185 0.065 0.01)
(0.19 0.065 0.01)
(0.195 0.065 0.01)
(0.2 0.065 0.01)
(0.205 0.065 0.01)
(0.21 0.065 0.01)
(0.115 0.07 0.01)
(0.12 0.07 0.01)
(0.125 0.07 0.01)
(0.13 0.07 0.01)
(0.135 0.07 0.01)
(0.14 0.07 0.01)
(0.145 0.07 0.01)
(0.15 0.07 0.01)
(0.155 0.07 0.01)
(0.16 0.07 0.01)
(0.165 0.07 0.01)
(0.17 0.07 0.01)
(0.175 0.07 0.01)
(0.18 0.07 0.01)
(0.185 0.07 0.01)
(0.19 0.07 0.01)
(0.195 0.07 0.01)
(0.2 0.07 0.01)
(0.205 0.07 0.01)
(0.21 0.07 0.01)
(0.115 0.075 0.01)
(0.12 0.075 0.01)
(0.125 0.075 0.01)
(0.13 0.075 0.01)
(0.135 0.075 0.01)
(0.14 0.075 0.01)
(0.145 0.075 0.01)
(0.15 0.075 0.01)
(0.155 0.075 0.01)
(0.16 0.075 0.01)
(0.165 0.075 0.01)
(0.17 0.075 0.01)
(0.175 0.075 0.01)
(0.18 0.075 0.01)
(0.185 0.075 0.01)
(0.19 0.075 0.01)
(0.195 0.075 0.01)
(0.2 0.075 0.01)
(0.205 0.075 0.01)
(0.21 0.075 0.01)
(0.115 0.08 0.01)
(0.12 0.08 0.01)
(0.125 0.08 0.01)
(0.13 0.08 0.01)
(0.135 0.08 0.01)
(0.14 0.08 0.01)
(0.145 0.08 0.01)
(0.15 0.08 0.01)
(0.155 0.08 0.01)
(0.16 0.08 0.01)
(0.165 0.08 0.01)
(0.17 0.08 0.01)
(0.175 0.08 0.01)
(0.18 0.08 0.01)
(0.185 0.08 0.01)
(0.19 0.08 0.01)
(0.195 0.08 0.01)
(0.2 0.08 0.01)
(0.205 0.08 0.01)
(0.21 0.08 0.01)
(0.115 0.085 0.01)
(0.12 0.085 0.01)
(0.125 0.085 0.01)
(0.13 0.085 0.01)
(0.135 0.085 0.01)
(0.14 0.085 0.01)
(0.145 0.085 0.01)
(0.15 0.085 0.01)
(0.155 0.085 0.01)
(0.16 0.085 0.01)
(0.165 0.085 0.01)
(0.17 0.085 0.01)
(0.175 0.085 0.01)
(0.18 0.085 0.01)
(0.185 0.085 0.01)
(0.19 0.085 0.01)
(0.195 0.085 0.01)
(0.2 0.085 0.01)
(0.205 0.085 0.01)
(0.21 0.085 0.01)
(0.115 0.09 0.01)
(0.12 0.09 0.01)
(0.125 0.09 0.01)
(0.13 0.09 0.01)
(0.135 0.09 0.01)
(0.14 0.09 0.01)
(0.145 0.09 0.01)
(0.15 0.09 0.01)
(0.155 0.09 0.01)
(0.16 0.09 0.01)
(0.165 0.09 0.01)
(0.17 0.09 0.01)
(0.175 0.09 0.01)
(0.18 0.09 0.01)
(0.185 0.09 0.01)
(0.19 0.09 0.01)
(0.195 0.09 0.01)
(0.2 0.09 0.01)
(0.205 0.09 0.01)
(0.21 0.09 0.01)
(0.115 0.095 0.01)
(0.12 0.095 0.01)
(0.125 0.095 0.01)
(0.13 0.095 0.01)
(0.135 0.095 0.01)
(0.14 0.095 0.01)
(0.145 0.095 0.01)
(0.15 0.095 0.01)
(0.155 0.095 0.01)
(0.16 0.095 0.01)
(0.165 0.095 0.01)
(0.17 0.095 0.01)
(0.175 0.095 0.01)
(0.18 0.095 0.01)
(0.185 0.095 0.01)
(0.19 0.095 0.01)
(0.195 0.095 0.01)
(0.2 0.095 0.01)
(0.205 0.095 0.01)
(0.21 0.095 0.01)
(0.115 0.1 0.01)
(0.12 0.1 0.01)
(0.125 0.1 0.01)
(0.13 0.1 0.01)
(0.135 0.1 0.01)
(0.14 0.1 0.01)
(0.145 0.1 0.01)
(0.15 0.1 0.01)
(0.155 0.1 0.01)
(0.16 0.1 0.01)
(0.165 0.1 0.01)
(0.17 0.1 0.01)
(0.175 0.1 0.01)
(0.18 0.1 0.01)
(0.185 0.1 0.01)
(0.19 0.1 0.01)
(0.195 0.1 0.01)
(0.2 0.1 0.01)
(0.205 0.1 0.01)
(0.21 0.1 0.01)
(0.115 0.105 0.01)
(0.12 0.105 0.01)
(0.125 0.105 0.01)
(0.13 0.105 0.01)
(0.135 0.105 0.01)
(0.14 0.105 0.01)
(0.145 0.105 0.01)
(0.15 0.105 0.01)
(0.155 0.105 0.01)
(0.16 0.105 0.01)
(0.165 0.105 0.01)
(0.17 0.105 0.01)
(0.175 0.105 0.01)
(0.18 0.105 0.01)
(0.185 0.105 0.01)
(0.19 0.105 0.01)
(0.195 0.105 0.01)
(0.2 0.105 0.01)
(0.205 0.105 0.01)
(0.21 0.105 0.01)
(0.115 0.11 0.01)
(0.12 0.11 0.01)
(0.125 0.11 0.01)
(0.13 0.11 0.01)
(0.135 0.11 0.01)
(0.14 0.11 0.01)
(0.145 0.11 0.01)
(0.15 0.11 0.01)
(0.155 0.11 0.01)
(0.16 0.11 0.01)
(0.165 0.11 0.01)
(0.17 0.11 0.01)
(0.175 0.11 0.01)
(0.18 0.11 0.01)
(0.185 0.11 0.01)
(0.19 0.11 0.01)
(0.195 0.11 0.01)
(0.2 0.11 0.01)
(0.205 0.11 0.01)
(0.21 0.11 0.01)
(0.115 0.115 0.01)
(0.12 0.115 0.01)
(0.125 0.115 0.01)
(0.13 0.115 0.01)
(0.135 0.115 0.01)
(0.14 0.115 0.01)
(0.145 0.115 0.01)
(0.15 0.115 0.01)
(0.155 0.115 0.01)
(0.16 0.115 0.01)
(0.165 0.115 0.01)
(0.17 0.115 0.01)
(0.175 0.115 0.01)
(0.18 0.115 0.01)
(0.185 0.115 0.01)
(0.19 0.115 0.01)
(0.195 0.115 0.01)
(0.2 0.115 0.01)
(0.205 0.115 0.01)
(0.21 0.115 0.01)
(0.115 0.12 0.01)
(0.12 0.12 0.01)
(0.125 0.12 0.01)
(0.13 0.12 0.01)
(0.135 0.12 0.01)
(0.14 0.12 0.01)
(0.145 0.12 0.01)
(0.15 0.12 0.01)
(0.155 0.12 0.01)
(0.16 0.12 0.01)
(0.165 0.12 0.01)
(0.17 0.12 0.01)
(0.175 0.12 0.01)
(0.18 0.12 0.01)
(0.185 0.12 0.01)
(0.19 0.12 0.01)
(0.195 0.12 0.01)
(0.2 0.12 0.01)
(0.205 0.12 0.01)
(0.21 0.12 0.01)
(0.115 0.125 0.01)
(0.12 0.125 0.01)
(0.125 0.125 0.01)
(0.13 0.125 0.01)
(0.135 0.125 0.01)
(0.14 0.125 0.01)
(0.145 0.125 0.01)
(0.15 0.125 0.01)
(0.155 0.125 0.01)
(0.16 0.125 0.01)
(0.165 0.125 0.01)
(0.17 0.125 0.01)
(0.175 0.125 0.01)
(0.18 0.125 0.01)
(0.185 0.125 0.01)
(0.19 0.125 0.01)
(0.195 0.125 0.01)
(0.2 0.125 0.01)
(0.205 0.125 0.01)
(0.21 0.125 0.01)
(0.115 0.13 0.01)
(0.12 0.13 0.01)
(0.125 0.13 0.01)
(0.13 0.13 0.01)
(0.135 0.13 0.01)
(0.14 0.13 0.01)
(0.145 0.13 0.01)
(0.15 0.13 0.01)
(0.155 0.13 0.01)
(0.16 0.13 0.01)
(0.165 0.13 0.01)
(0.17 0.13 0.01)
(0.175 0.13 0.01)
(0.18 0.13 0.01)
(0.185 0.13 0.01)
(0.19 0.13 0.01)
(0.195 0.13 0.01)
(0.2 0.13 0.01)
(0.205 0.13 0.01)
(0.21 0.13 0.01)
(0.115 0.135 0.01)
(0.12 0.135 0.01)
(0.125 0.135 0.01)
(0.13 0.135 0.01)
(0.135 0.135 0.01)
(0.14 0.135 0.01)
(0.145 0.135 0.01)
(0.15 0.135 0.01)
(0.155 0.135 0.01)
(0.16 0.135 0.01)
(0.165 0.135 0.01)
(0.17 0.135 0.01)
(0.175 0.135 0.01)
(0.18 0.135 0.01)
(0.185 0.135 0.01)
(0.19 0.135 0.01)
(0.195 0.135 0.01)
(0.2 0.135 0.01)
(0.205 0.135 0.01)
(0.21 0.135 0.01)
(0.115 0.14 0.01)
(0.12 0.14 0.01)
(0.125 0.14 0.01)
(0.13 0.14 0.01)
(0.135 0.14 0.01)
(0.14 0.14 0.01)
(0.145 0.14 0.01)
(0.15 0.14 0.01)
(0.155 0.14 0.01)
(0.16 0.14 0.01)
(0.165 0.14 0.01)
(0.17 0.14 0.01)
(0.175 0.14 0.01)
(0.18 0.14 0.01)
(0.185 0.14 0.01)
(0.19 0.14 0.01)
(0.195 0.14 0.01)
(0.2 0.14 0.01)
(0.205 0.14 0.01)
(0.21 0.14 0.01)
(0.115 0.145 0.01)
(0.12 0.145 0.01)
(0.125 0.145 0.01)
(0.13 0.145 0.01)
(0.135 0.145 0.01)
(0.14 0.145 0.01)
(0.145 0.145 0.01)
(0.15 0.145 0.01)
(0.155 0.145 0.01)
(0.16 0.145 0.01)
(0.165 0.145 0.01)
(0.17 0.145 0.01)
(0.175 0.145 0.01)
(0.18 0.145 0.01)
(0.185 0.145 0.01)
(0.19 0.145 0.01)
(0.195 0.145 0.01)
(0.2 0.145 0.01)
(0.205 0.145 0.01)
(0.21 0.145 0.01)
(0.115 0.15 0.01)
(0.12 0.15 0.01)
(0.125 0.15 0.01)
(0.13 0.15 0.01)
(0.135 0.15 0.01)
(0.14 0.15 0.01)
(0.145 0.15 0.01)
(0.15 0.15 0.01)
(0.155 0.15 0.01)
(0.16 0.15 0.01)
(0.165 0.15 0.01)
(0.17 0.15 0.01)
(0.175 0.15 0.01)
(0.18 0.15 0.01)
(0.185 0.15 0.01)
(0.19 0.15 0.01)
(0.195 0.15 0.01)
(0.2 0.15 0.01)
(0.205 0.15 0.01)
(0.21 0.15 0.01)
(0.115 0.155 0.01)
(0.12 0.155 0.01)
(0.125 0.155 0.01)
(0.13 0.155 0.01)
(0.135 0.155 0.01)
(0.14 0.155 0.01)
(0.145 0.155 0.01)
(0.15 0.155 0.01)
(0.155 0.155 0.01)
(0.16 0.155 0.01)
(0.165 0.155 0.01)
(0.17 0.155 0.01)
(0.175 0.155 0.01)
(0.18 0.155 0.01)
(0.185 0.155 0.01)
(0.19 0.155 0.01)
(0.195 0.155 0.01)
(0.2 0.155 0.01)
(0.205 0.155 0.01)
(0.21 0.155 0.01)
(0.115 0.16 0.01)
(0.12 0.16 0.01)
(0.125 0.16 0.01)
(0.13 0.16 0.01)
(0.135 0.16 0.01)
(0.14 0.16 0.01)
(0.145 0.16 0.01)
(0.15 0.16 0.01)
(0.155 0.16 0.01)
(0.16 0.16 0.01)
(0.165 0.16 0.01)
(0.17 0.16 0.01)
(0.175 0.16 0.01)
(0.18 0.16 0.01)
(0.185 0.16 0.01)
(0.19 0.16 0.01)
(0.195 0.16 0.01)
(0.2 0.16 0.01)
(0.205 0.16 0.01)
(0.21 0.16 0.01)
(0.115 0.165 0.01)
(0.12 0.165 0.01)
(0.125 0.165 0.01)
(0.13 0.165 0.01)
(0.135 0.165 0.01)
(0.14 0.165 0.01)
(0.145 0.165 0.01)
(0.15 0.165 0.01)
(0.155 0.165 0.01)
(0.16 0.165 0.01)
(0.165 0.165 0.01)
(0.17 0.165 0.01)
(0.175 0.165 0.01)
(0.18 0.165 0.01)
(0.185 0.165 0.01)
(0.19 0.165 0.01)
(0.195 0.165 0.01)
(0.2 0.165 0.01)
(0.205 0.165 0.01)
(0.21 0.165 0.01)
(0.115 0.17 0.01)
(0.12 0.17 0.01)
(0.125 0.17 0.01)
(0.13 0.17 0.01)
(0.135 0.17 0.01)
(0.14 0.17 0.01)
(0.145 0.17 0.01)
(0.15 0.17 0.01)
(0.155 0.17 0.01)
(0.16 0.17 0.01)
(0.165 0.17 0.01)
(0.17 0.17 0.01)
(0.175 0.17 0.01)
(0.18 0.17 0.01)
(0.185 0.17 0.01)
(0.19 0.17 0.01)
(0.195 0.17 0.01)
(0.2 0.17 0.01)
(0.205 0.17 0.01)
(0.21 0.17 0.01)
(0.115 0.175 0.01)
(0.12 0.175 0.01)
(0.125 0.175 0.01)
(0.13 0.175 0.01)
(0.135 0.175 0.01)
(0.14 0.175 0.01)
(0.145 0.175 0.01)
(0.15 0.175 0.01)
(0.155 0.175 0.01)
(0.16 0.175 0.01)
(0.165 0.175 0.01)
(0.17 0.175 0.01)
(0.175 0.175 0.01)
(0.18 0.175 0.01)
(0.185 0.175 0.01)
(0.19 0.175 0.01)
(0.195 0.175 0.01)
(0.2 0.175 0.01)
(0.205 0.175 0.01)
(0.21 0.175 0.01)
(0.115 0.18 0.01)
(0.12 0.18 0.01)
(0.125 0.18 0.01)
(0.13 0.18 0.01)
(0.135 0.18 0.01)
(0.14 0.18 0.01)
(0.145 0.18 0.01)
(0.15 0.18 0.01)
(0.155 0.18 0.01)
(0.16 0.18 0.01)
(0.165 0.18 0.01)
(0.17 0.18 0.01)
(0.175 0.18 0.01)
(0.18 0.18 0.01)
(0.185 0.18 0.01)
(0.19 0.18 0.01)
(0.195 0.18 0.01)
(0.2 0.18 0.01)
(0.205 0.18 0.01)
(0.21 0.18 0.01)
(0.115 0.185 0.01)
(0.12 0.185 0.01)
(0.125 0.185 0.01)
(0.13 0.185 0.01)
(0.135 0.185 0.01)
(0.14 0.185 0.01)
(0.145 0.185 0.01)
(0.15 0.185 0.01)
(0.155 0.185 0.01)
(0.16 0.185 0.01)
(0.165 0.185 0.01)
(0.17 0.185 0.01)
(0.175 0.185 0.01)
(0.18 0.185 0.01)
(0.185 0.185 0.01)
(0.19 0.185 0.01)
(0.195 0.185 0.01)
(0.2 0.185 0.01)
(0.205 0.185 0.01)
(0.21 0.185 0.01)
(0.115 0.19 0.01)
(0.12 0.19 0.01)
(0.125 0.19 0.01)
(0.13 0.19 0.01)
(0.135 0.19 0.01)
(0.14 0.19 0.01)
(0.145 0.19 0.01)
(0.15 0.19 0.01)
(0.155 0.19 0.01)
(0.16 0.19 0.01)
(0.165 0.19 0.01)
(0.17 0.19 0.01)
(0.175 0.19 0.01)
(0.18 0.19 0.01)
(0.185 0.19 0.01)
(0.19 0.19 0.01)
(0.195 0.19 0.01)
(0.2 0.19 0.01)
(0.205 0.19 0.01)
(0.21 0.19 0.01)
(0.115 0.195 0.01)
(0.12 0.195 0.01)
(0.125 0.195 0.01)
(0.13 0.195 0.01)
(0.135 0.195 0.01)
(0.14 0.195 0.01)
(0.145 0.195 0.01)
(0.15 0.195 0.01)
(0.155 0.195 0.01)
(0.16 0.195 0.01)
(0.165 0.195 0.01)
(0.17 0.195 0.01)
(0.175 0.195 0.01)
(0.18 0.195 0.01)
(0.185 0.195 0.01)
(0.19 0.195 0.01)
(0.195 0.195 0.01)
(0.2 0.195 0.01)
(0.205 0.195 0.01)
(0.21 0.195 0.01)
(0.115 0.2 0.01)
(0.12 0.2 0.01)
(0.125 0.2 0.01)
(0.13 0.2 0.01)
(0.135 0.2 0.01)
(0.14 0.2 0.01)
(0.145 0.2 0.01)
(0.15 0.2 0.01)
(0.155 0.2 0.01)
(0.16 0.2 0.01)
(0.165 0.2 0.01)
(0.17 0.2 0.01)
(0.175 0.2 0.01)
(0.18 0.2 0.01)
(0.185 0.2 0.01)
(0.19 0.2 0.01)
(0.195 0.2 0.01)
(0.2 0.2 0.01)
(0.205 0.2 0.01)
(0.21 0.2 0.01)
(0.115 0.205 0.01)
(0.12 0.205 0.01)
(0.125 0.205 0.01)
(0.13 0.205 0.01)
(0.135 0.205 0.01)
(0.14 0.205 0.01)
(0.145 0.205 0.01)
(0.15 0.205 0.01)
(0.155 0.205 0.01)
(0.16 0.205 0.01)
(0.165 0.205 0.01)
(0.17 0.205 0.01)
(0.175 0.205 0.01)
(0.18 0.205 0.01)
(0.185 0.205 0.01)
(0.19 0.205 0.01)
(0.195 0.205 0.01)
(0.2 0.205 0.01)
(0.205 0.205 0.01)
(0.21 0.205 0.01)
(0.115 0.21 0.01)
(0.12 0.21 0.01)
(0.125 0.21 0.01)
(0.13 0.21 0.01)
(0.135 0.21 0.01)
(0.14 0.21 0.01)
(0.145 0.21 0.01)
(0.15 0.21 0.01)
(0.155 0.21 0.01)
(0.16 0.21 0.01)
(0.165 0.21 0.01)
(0.17 0.21 0.01)
(0.175 0.21 0.01)
(0.18 0.21 0.01)
(0.185 0.21 0.01)
(0.19 0.21 0.01)
(0.195 0.21 0.01)
(0.2 0.21 0.01)
(0.205 0.21 0.01)
(0.21 0.21 0.01)
(0.115 0.215 0.01)
(0.12 0.215 0.01)
(0.125 0.215 0.01)
(0.13 0.215 0.01)
(0.135 0.215 0.01)
(0.14 0.215 0.01)
(0.145 0.215 0.01)
(0.15 0.215 0.01)
(0.155 0.215 0.01)
(0.16 0.215 0.01)
(0.165 0.215 0.01)
(0.17 0.215 0.01)
(0.175 0.215 0.01)
(0.18 0.215 0.01)
(0.185 0.215 0.01)
(0.19 0.215 0.01)
(0.195 0.215 0.01)
(0.2 0.215 0.01)
(0.205 0.215 0.01)
(0.21 0.215 0.01)
(0.115 0.22 0.01)
(0.12 0.22 0.01)
(0.125 0.22 0.01)
(0.13 0.22 0.01)
(0.135 0.22 0.01)
(0.14 0.22 0.01)
(0.145 0.22 0.01)
(0.15 0.22 0.01)
(0.155 0.22 0.01)
(0.16 0.22 0.01)
(0.165 0.22 0.01)
(0.17 0.22 0.01)
(0.175 0.22 0.01)
(0.18 0.22 0.01)
(0.185 0.22 0.01)
(0.19 0.22 0.01)
(0.195 0.22 0.01)
(0.2 0.22 0.01)
(0.205 0.22 0.01)
(0.21 0.22 0.01)
(0.115 0.225 0.01)
(0.12 0.225 0.01)
(0.125 0.225 0.01)
(0.13 0.225 0.01)
(0.135 0.225 0.01)
(0.14 0.225 0.01)
(0.145 0.225 0.01)
(0.15 0.225 0.01)
(0.155 0.225 0.01)
(0.16 0.225 0.01)
(0.165 0.225 0.01)
(0.17 0.225 0.01)
(0.175 0.225 0.01)
(0.18 0.225 0.01)
(0.185 0.225 0.01)
(0.19 0.225 0.01)
(0.195 0.225 0.01)
(0.2 0.225 0.01)
(0.205 0.225 0.01)
(0.21 0.225 0.01)
(0.115 0.23 0.01)
(0.12 0.23 0.01)
(0.125 0.23 0.01)
(0.13 0.23 0.01)
(0.135 0.23 0.01)
(0.14 0.23 0.01)
(0.145 0.23 0.01)
(0.15 0.23 0.01)
(0.155 0.23 0.01)
(0.16 0.23 0.01)
(0.165 0.23 0.01)
(0.17 0.23 0.01)
(0.175 0.23 0.01)
(0.18 0.23 0.01)
(0.185 0.23 0.01)
(0.19 0.23 0.01)
(0.195 0.23 0.01)
(0.2 0.23 0.01)
(0.205 0.23 0.01)
(0.21 0.23 0.01)
(0.115 0.235 0.01)
(0.12 0.235 0.01)
(0.125 0.235 0.01)
(0.13 0.235 0.01)
(0.135 0.235 0.01)
(0.14 0.235 0.01)
(0.145 0.235 0.01)
(0.15 0.235 0.01)
(0.155 0.235 0.01)
(0.16 0.235 0.01)
(0.165 0.235 0.01)
(0.17 0.235 0.01)
(0.175 0.235 0.01)
(0.18 0.235 0.01)
(0.185 0.235 0.01)
(0.19 0.235 0.01)
(0.195 0.235 0.01)
(0.2 0.235 0.01)
(0.205 0.235 0.01)
(0.21 0.235 0.01)
(0.115 0.24 0.01)
(0.12 0.24 0.01)
(0.125 0.24 0.01)
(0.13 0.24 0.01)
(0.135 0.24 0.01)
(0.14 0.24 0.01)
(0.145 0.24 0.01)
(0.15 0.24 0.01)
(0.155 0.24 0.01)
(0.16 0.24 0.01)
(0.165 0.24 0.01)
(0.17 0.24 0.01)
(0.175 0.24 0.01)
(0.18 0.24 0.01)
(0.185 0.24 0.01)
(0.19 0.24 0.01)
(0.195 0.24 0.01)
(0.2 0.24 0.01)
(0.205 0.24 0.01)
(0.21 0.24 0.01)
(0.115 0.245 0.01)
(0.12 0.245 0.01)
(0.125 0.245 0.01)
(0.13 0.245 0.01)
(0.135 0.245 0.01)
(0.14 0.245 0.01)
(0.145 0.245 0.01)
(0.15 0.245 0.01)
(0.155 0.245 0.01)
(0.16 0.245 0.01)
(0.165 0.245 0.01)
(0.17 0.245 0.01)
(0.175 0.245 0.01)
(0.18 0.245 0.01)
(0.185 0.245 0.01)
(0.19 0.245 0.01)
(0.195 0.245 0.01)
(0.2 0.245 0.01)
(0.205 0.245 0.01)
(0.21 0.245 0.01)
(0.115 0.25 0.01)
(0.12 0.25 0.01)
(0.125 0.25 0.01)
(0.13 0.25 0.01)
(0.135 0.25 0.01)
(0.14 0.25 0.01)
(0.145 0.25 0.01)
(0.15 0.25 0.01)
(0.155 0.25 0.01)
(0.16 0.25 0.01)
(0.165 0.25 0.01)
(0.17 0.25 0.01)
(0.175 0.25 0.01)
(0.18 0.25 0.01)
(0.185 0.25 0.01)
(0.19 0.25 0.01)
(0.195 0.25 0.01)
(0.2 0.25 0.01)
(0.205 0.25 0.01)
(0.21 0.25 0.01)
(0.115 0.255 0.01)
(0.12 0.255 0.01)
(0.125 0.255 0.01)
(0.13 0.255 0.01)
(0.135 0.255 0.01)
(0.14 0.255 0.01)
(0.145 0.255 0.01)
(0.15 0.255 0.01)
(0.155 0.255 0.01)
(0.16 0.255 0.01)
(0.165 0.255 0.01)
(0.17 0.255 0.01)
(0.175 0.255 0.01)
(0.18 0.255 0.01)
(0.185 0.255 0.01)
(0.19 0.255 0.01)
(0.195 0.255 0.01)
(0.2 0.255 0.01)
(0.205 0.255 0.01)
(0.21 0.255 0.01)
(0.115 0.26 0.01)
(0.12 0.26 0.01)
(0.125 0.26 0.01)
(0.13 0.26 0.01)
(0.135 0.26 0.01)
(0.14 0.26 0.01)
(0.145 0.26 0.01)
(0.15 0.26 0.01)
(0.155 0.26 0.01)
(0.16 0.26 0.01)
(0.165 0.26 0.01)
(0.17 0.26 0.01)
(0.175 0.26 0.01)
(0.18 0.26 0.01)
(0.185 0.26 0.01)
(0.19 0.26 0.01)
(0.195 0.26 0.01)
(0.2 0.26 0.01)
(0.205 0.26 0.01)
(0.21 0.26 0.01)
(0.115 0.265 0.01)
(0.12 0.265 0.01)
(0.125 0.265 0.01)
(0.13 0.265 0.01)
(0.135 0.265 0.01)
(0.14 0.265 0.01)
(0.145 0.265 0.01)
(0.15 0.265 0.01)
(0.155 0.265 0.01)
(0.16 0.265 0.01)
(0.165 0.265 0.01)
(0.17 0.265 0.01)
(0.175 0.265 0.01)
(0.18 0.265 0.01)
(0.185 0.265 0.01)
(0.19 0.265 0.01)
(0.195 0.265 0.01)
(0.2 0.265 0.01)
(0.205 0.265 0.01)
(0.21 0.265 0.01)
(0.115 0.27 0.01)
(0.12 0.27 0.01)
(0.125 0.27 0.01)
(0.13 0.27 0.01)
(0.135 0.27 0.01)
(0.14 0.27 0.01)
(0.145 0.27 0.01)
(0.15 0.27 0.01)
(0.155 0.27 0.01)
(0.16 0.27 0.01)
(0.165 0.27 0.01)
(0.17 0.27 0.01)
(0.175 0.27 0.01)
(0.18 0.27 0.01)
(0.185 0.27 0.01)
(0.19 0.27 0.01)
(0.195 0.27 0.01)
(0.2 0.27 0.01)
(0.205 0.27 0.01)
(0.21 0.27 0.01)
(0.115 0.275 0.01)
(0.12 0.275 0.01)
(0.125 0.275 0.01)
(0.13 0.275 0.01)
(0.135 0.275 0.01)
(0.14 0.275 0.01)
(0.145 0.275 0.01)
(0.15 0.275 0.01)
(0.155 0.275 0.01)
(0.16 0.275 0.01)
(0.165 0.275 0.01)
(0.17 0.275 0.01)
(0.175 0.275 0.01)
(0.18 0.275 0.01)
(0.185 0.275 0.01)
(0.19 0.275 0.01)
(0.195 0.275 0.01)
(0.2 0.275 0.01)
(0.205 0.275 0.01)
(0.21 0.275 0.01)
(0.115 0.28 0.01)
(0.12 0.28 0.01)
(0.125 0.28 0.01)
(0.13 0.28 0.01)
(0.135 0.28 0.01)
(0.14 0.28 0.01)
(0.145 0.28 0.01)
(0.15 0.28 0.01)
(0.155 0.28 0.01)
(0.16 0.28 0.01)
(0.165 0.28 0.01)
(0.17 0.28 0.01)
(0.175 0.28 0.01)
(0.18 0.28 0.01)
(0.185 0.28 0.01)
(0.19 0.28 0.01)
(0.195 0.28 0.01)
(0.2 0.28 0.01)
(0.205 0.28 0.01)
(0.21 0.28 0.01)
(0.115 0.285 0.01)
(0.12 0.285 0.01)
(0.125 0.285 0.01)
(0.13 0.285 0.01)
(0.135 0.285 0.01)
(0.14 0.285 0.01)
(0.145 0.285 0.01)
(0.15 0.285 0.01)
(0.155 0.285 0.01)
(0.16 0.285 0.01)
(0.165 0.285 0.01)
(0.17 0.285 0.01)
(0.175 0.285 0.01)
(0.18 0.285 0.01)
(0.185 0.285 0.01)
(0.19 0.285 0.01)
(0.195 0.285 0.01)
(0.2 0.285 0.01)
(0.205 0.285 0.01)
(0.21 0.285 0.01)
(0.115 0.29 0.01)
(0.12 0.29 0.01)
(0.125 0.29 0.01)
(0.13 0.29 0.01)
(0.135 0.29 0.01)
(0.14 0.29 0.01)
(0.145 0.29 0.01)
(0.15 0.29 0.01)
(0.155 0.29 0.01)
(0.16 0.29 0.01)
(0.165 0.29 0.01)
(0.17 0.29 0.01)
(0.175 0.29 0.01)
(0.18 0.29 0.01)
(0.185 0.29 0.01)
(0.19 0.29 0.01)
(0.195 0.29 0.01)
(0.2 0.29 0.01)
(0.205 0.29 0.01)
(0.21 0.29 0.01)
(0.115 0.295 0.01)
(0.12 0.295 0.01)
(0.125 0.295 0.01)
(0.13 0.295 0.01)
(0.135 0.295 0.01)
(0.14 0.295 0.01)
(0.145 0.295 0.01)
(0.15 0.295 0.01)
(0.155 0.295 0.01)
(0.16 0.295 0.01)
(0.165 0.295 0.01)
(0.17 0.295 0.01)
(0.175 0.295 0.01)
(0.18 0.295 0.01)
(0.185 0.295 0.01)
(0.19 0.295 0.01)
(0.195 0.295 0.01)
(0.2 0.295 0.01)
(0.205 0.295 0.01)
(0.21 0.295 0.01)
(0.115 0.3 0.01)
(0.12 0.3 0.01)
(0.125 0.3 0.01)
(0.13 0.3 0.01)
(0.135 0.3 0.01)
(0.14 0.3 0.01)
(0.145 0.3 0.01)
(0.15 0.3 0.01)
(0.155 0.3 0.01)
(0.16 0.3 0.01)
(0.165 0.3 0.01)
(0.17 0.3 0.01)
(0.175 0.3 0.01)
(0.18 0.3 0.01)
(0.185 0.3 0.01)
(0.19 0.3 0.01)
(0.195 0.3 0.01)
(0.2 0.3 0.01)
(0.205 0.3 0.01)
(0.21 0.3 0.01)
)


// ************************************************************************* //
