/*--------------------------------*- C++ -*----------------------------------*\
| =========                 |                                                 |
| \\      /  F ield         | OpenFOAM: The Open Source CFD Toolbox           |
|  \\    /   O peration     | Version:  2512                                  |
|   \\  /    A nd           | Website:  www.openfoam.com                      |
|    \\/     M anipulation  |                                                 |
\*---------------------------------------------------------------------------*/
FoamFile
{
    version     2.0;
    format      ascii;
    arch        "LSB;label=32;scalar=64";
    note        "nPoints:2016  nCells:1500  nFaces:4975  nInternalFaces:4025";
    class       labelList;
    location    "constant/polyMesh";
    object      neighbour;
}
// * * * * * * * * * * * * * * * * * * * * * * * * * * * * * * * * * * * * * //


4025
(
1
15
300
2
16
301
3
17
302
4
18
303
5
19
304
6
20
305
7
21
306
8
22
307
9
23
308
10
24
309
11
25
310
12
26
311
13
27
312
14
28
313
29
314
16
30
315
17
31
316
18
32
317
19
33
318
20
34
319
21
35
320
22
36
321
23
37
322
24
38
323
25
39
324
26
40
325
27
41
326
28
42
327
29
43
328
44
329
31
45
330
32
46
331
33
47
332
34
48
333
35
49
334
36
50
335
37
51
336
38
52
337
39
53
338
40
54
339
41
55
340
42
56
341
43
57
342
44
58
343
59
344
46
60
345
47
61
346
48
62
347
49
63
348
50
64
349
51
65
350
52
66
351
53
67
352
54
68
353
55
69
354
56
70
355
57
71
356
58
72
357
59
73
358
74
359
61
75
360
62
76
361
63
77
362
64
78
363
65
79
364
66
80
365
67
81
366
68
82
367
69
83
368
70
84
369
71
85
370
72
86
371
73
87
372
74
88
373
89
374
76
90
375
77
91
376
78
92
377
79
93
378
80
94
379
81
95
380
82
96
381
83
97
382
84
98
383
85
99
384
86
100
385
87
101
386
88
102
387
89
103
388
104
389
91
105
390
92
106
391
93
107
392
94
108
393
95
109
394
96
110
395
97
111
396
98
112
397
99
113
398
100
114
399
101
115
400
102
116
401
103
117
402
104
118
403
119
404
106
120
405
107
121
406
108
122
407
109
123
408
110
124
409
111
125
410
112
126
411
113
127
412
114
128
413
115
129
414
116
130
415
117
131
416
118
132
417
119
133
418
134
419
121
135
420
122
136
421
123
137
422
124
138
423
125
139
424
126
140
425
127
141
426
128
142
427
129
143
428
130
144
429
131
145
430
132
146
431
133
147
432
134
148
433
149
434
136
150
435
137
151
436
138
152
437
139
153
438
140
154
439
141
155
440
142
156
441
143
157
442
144
158
443
145
159
444
146
160
445
147
161
446
148
162
447
149
163
448
164
449
151
165
450
152
166
451
153
167
452
154
168
453
155
169
454
156
170
455
157
171
456
158
172
457
159
173
458
160
174
459
161
175
460
162
176
461
163
177
462
164
178
463
179
464
166
180
465
167
181
466
168
182
467
169
183
468
170
184
469
171
185
470
172
186
471
173
187
472
174
188
473
175
189
474
176
190
475
177
191
476
178
192
477
179
193
478
194
479
181
195
480
182
196
481
183
197
482
184
198
483
185
199
484
186
200
485
187
201
486
188
202
487
189
203
488
190
204
489
191
205
490
192
206
491
193
207
492
194
208
493
209
494
196
210
495
197
211
496
198
212
497
199
213
498
200
214
499
201
215
500
202
216
501
203
217
502
204
218
503
205
219
504
206
220
505
207
221
506
208
222
507
209
223
508
224
509
211
225
510
212
226
511
213
227
512
214
228
513
215
229
514
216
230
515
217
231
516
218
232
517
219
233
518
220
234
519
221
235
520
222
236
521
223
237
522
224
238
523
239
524
226
240
525
227
241
526
228
242
527
229
243
528
230
244
529
231
245
530
232
246
531
233
247
532
234
248
533
235
249
534
236
250
535
237
251
536
238
252
537
239
253
538
254
539
241
255
540
242
256
541
243
257
542
244
258
543
245
259
544
246
260
545
247
261
546
248
262
547
249
263
548
250
264
549
251
265
550
252
266
551
253
267
552
254
268
553
269
554
256
270
555
257
271
556
258
272
557
259
273
558
260
274
559
261
275
560
262
276
561
263
277
562
264
278
563
265
279
564
266
280
565
267
281
566
268
282
567
269
283
568
284
569
271
285
570
272
286
571
273
287
572
274
288
573
275
289
574
276
290
575
277
291
576
278
292
577
279
293
578
280
294
579
281
295
580
282
296
581
283
297
582
284
298
583
299
584
286
585
287
586
288
587
289
588
290
589
291
590
292
591
293
592
294
593
295
594
296
595
297
596
298
597
299
598
599
301
315
600
302
316
601
303
317
602
304
318
603
305
319
604
306
320
605
307
321
606
308
322
607
309
323
608
310
324
609
311
325
610
312
326
611
313
327
612
314
328
613
329
614
316
330
615
317
331
616
318
332
617
319
333
618
320
334
619
321
335
620
322
336
621
323
337
622
324
338
623
325
339
624
326
340
625
327
341
626
328
342
627
329
343
628
344
629
331
345
630
332
346
631
333
347
632
334
348
633
335
349
634
336
350
635
337
351
636
338
352
637
339
353
638
340
354
639
341
355
640
342
356
641
343
357
642
344
358
643
359
644
346
360
645
347
361
646
348
362
647
349
363
648
350
364
649
351
365
650
352
366
651
353
367
652
354
368
653
355
369
654
356
370
655
357
371
656
358
372
657
359
373
658
374
659
361
375
660
362
376
661
363
377
662
364
378
663
365
379
664
366
380
665
367
381
666
368
382
667
369
383
668
370
384
669
371
385
670
372
386
671
373
387
672
374
388
673
389
674
376
390
675
377
391
676
378
392
677
379
393
678
380
394
679
381
395
680
382
396
681
383
397
682
384
398
683
385
399
684
386
400
685
387
401
686
388
402
687
389
403
688
404
689
391
405
690
392
406
691
393
407
692
394
408
693
395
409
694
396
410
695
397
411
696
398
412
697
399
413
698
400
414
699
401
415
700
402
416
701
403
417
702
404
418
703
419
704
406
420
705
407
421
706
408
422
707
409
423
708
410
424
709
411
425
710
412
426
711
413
427
712
414
428
713
415
429
714
416
430
715
417
431
716
418
432
717
419
433
718
434
719
421
435
720
422
436
721
423
437
722
424
438
723
425
439
724
426
440
725
427
441
726
428
442
727
429
443
728
430
444
729
431
445
730
432
446
731
433
447
732
434
448
733
449
734
436
450
735
437
451
736
438
452
737
439
453
738
440
454
739
441
455
740
442
456
741
443
457
742
444
458
743
445
459
744
446
460
745
447
461
746
448
462
747
449
463
748
464
749
451
465
750
452
466
751
453
467
752
454
468
753
455
469
754
456
470
755
457
471
756
458
472
757
459
473
758
460
474
759
461
475
760
462
476
761
463
477
762
464
478
763
479
764
466
480
765
467
481
766
468
482
767
469
483
768
470
484
769
471
485
770
472
486
771
473
487
772
474
488
773
475
489
774
476
490
775
477
491
776
478
492
777
479
493
778
494
779
481
495
780
482
496
781
483
497
782
484
498
783
485
499
784
486
500
785
487
501
786
488
502
787
489
503
788
490
504
789
491
505
790
492
506
791
493
507
792
494
508
793
509
794
496
510
795
497
511
796
498
512
797
499
513
798
500
514
799
501
515
800
502
516
801
503
517
802
504
518
803
505
519
804
506
520
805
507
521
806
508
522
807
509
523
808
524
809
511
525
810
512
526
811
513
527
812
514
528
813
515
529
814
516
530
815
517
531
816
518
532
817
519
533
818
520
534
819
521
535
820
522
536
821
523
537
822
524
538
823
539
824
526
540
825
527
541
826
528
542
827
529
543
828
530
544
829
531
545
830
532
546
831
533
547
832
534
548
833
535
549
834
536
550
835
537
551
836
538
552
837
539
553
838
554
839
541
555
840
542
556
841
543
557
842
544
558
843
545
559
844
546
560
845
547
561
846
548
562
847
549
563
848
550
564
849
551
565
850
552
566
851
553
567
852
554
568
853
569
854
556
570
855
557
571
856
558
572
857
559
573
858
560
574
859
561
575
860
562
576
861
563
577
862
564
578
863
565
579
864
566
580
865
567
581
866
568
582
867
569
583
868
584
869
571
585
870
572
586
871
573
587
872
574
588
873
575
589
874
576
590
875
577
591
876
578
592
877
579
593
878
580
594
879
581
595
880
582
596
881
583
597
882
584
598
883
599
884
586
885
587
886
588
887
589
888
590
889
591
890
592
891
593
892
594
893
595
894
596
895
597
896
598
897
599
898
899
601
615
900
602
616
901
603
617
902
604
618
903
605
619
904
606
620
905
607
621
906
608
622
907
609
623
908
610
624
909
611
625
910
612
626
911
613
627
912
614
628
913
629
914
616
630
915
617
631
916
618
632
917
619
633
918
620
634
919
621
635
920
622
636
921
623
637
922
624
638
923
625
639
924
626
640
925
627
641
926
628
642
927
629
643
928
644
929
631
645
930
632
646
931
633
647
932
634
648
933
635
649
934
636
650
935
637
651
936
638
652
937
639
653
938
640
654
939
641
655
940
642
656
941
643
657
942
644
658
943
659
944
646
660
945
647
661
946
648
662
947
649
663
948
650
664
949
651
665
950
652
666
951
653
667
952
654
668
953
655
669
954
656
670
955
657
671
956
658
672
957
659
673
958
674
959
661
675
960
662
676
961
663
677
962
664
678
963
665
679
964
666
680
965
667
681
966
668
682
967
669
683
968
670
684
969
671
685
970
672
686
971
673
687
972
674
688
973
689
974
676
690
975
677
691
976
678
692
977
679
693
978
680
694
979
681
695
980
682
696
981
683
697
982
684
698
983
685
699
984
686
700
985
687
701
986
688
702
987
689
703
988
704
989
691
705
990
692
706
991
693
707
992
694
708
993
695
709
994
696
710
995
697
711
996
698
712
997
699
713
998
700
714
999
701
715
1000
702
716
1001
703
717
1002
704
718
1003
719
1004
706
720
1005
707
721
1006
708
722
1007
709
723
1008
710
724
1009
711
725
1010
712
726
1011
713
727
1012
714
728
1013
715
729
1014
716
730
1015
717
731
1016
718
732
1017
719
733
1018
734
1019
721
735
1020
722
736
1021
723
737
1022
724
738
1023
725
739
1024
726
740
1025
727
741
1026
728
742
1027
729
743
1028
730
744
1029
731
745
1030
732
746
1031
733
747
1032
734
748
1033
749
1034
736
750
1035
737
751
1036
738
752
1037
739
753
1038
740
754
1039
741
755
1040
742
756
1041
743
757
1042
744
758
1043
745
759
1044
746
760
1045
747
761
1046
748
762
1047
749
763
1048
764
1049
751
765
1050
752
766
1051
753
767
1052
754
768
1053
755
769
1054
756
770
1055
757
771
1056
758
772
1057
759
773
1058
760
774
1059
761
775
1060
762
776
1061
763
777
1062
764
778
1063
779
1064
766
780
1065
767
781
1066
768
782
1067
769
783
1068
770
784
1069
771
785
1070
772
786
1071
773
787
1072
774
788
1073
775
789
1074
776
790
1075
777
791
1076
778
792
1077
779
793
1078
794
1079
781
795
1080
782
796
1081
783
797
1082
784
798
1083
785
799
1084
786
800
1085
787
801
1086
788
802
1087
789
803
1088
790
804
1089
791
805
1090
792
806
1091
793
807
1092
794
808
1093
809
1094
796
810
1095
797
811
1096
798
812
1097
799
813
1098
800
814
1099
801
815
1100
802
816
1101
803
817
1102
804
818
1103
805
819
1104
806
820
1105
807
821
1106
808
822
1107
809
823
1108
824
1109
811
825
1110
812
826
1111
813
827
1112
814
828
1113
815
829
1114
816
830
1115
817
831
1116
818
832
1117
819
833
1118
820
834
1119
821
835
1120
822
836
1121
823
837
1122
824
838
1123
839
1124
826
840
1125
827
841
1126
828
842
1127
829
843
1128
830
844
1129
831
845
1130
832
846
1131
833
847
1132
834
848
1133
835
849
1134
836
850
1135
837
851
1136
838
852
1137
839
853
1138
854
1139
841
855
1140
842
856
1141
843
857
1142
844
858
1143
845
859
1144
846
860
1145
847
861
1146
848
862
1147
849
863
1148
850
864
1149
851
865
1150
852
866
1151
853
867
1152
854
868
1153
869
1154
856
870
1155
857
871
1156
858
872
1157
859
873
1158
860
874
1159
861
875
1160
862
876
1161
863
877
1162
864
878
1163
865
879
1164
866
880
1165
867
881
1166
868
882
1167
869
883
1168
884
1169
871
885
1170
872
886
1171
873
887
1172
874
888
1173
875
889
1174
876
890
1175
877
891
1176
878
892
1177
879
893
1178
880
894
1179
881
895
1180
882
896
1181
883
897
1182
884
898
1183
899
1184
886
1185
887
1186
888
1187
889
1188
890
1189
891
1190
892
1191
893
1192
894
1193
895
1194
896
1195
897
1196
898
1197
899
1198
1199
901
915
1200
902
916
1201
903
917
1202
904
918
1203
905
919
1204
906
920
1205
907
921
1206
908
922
1207
909
923
1208
910
924
1209
911
925
1210
912
926
1211
913
927
1212
914
928
1213
929
1214
916
930
1215
917
931
1216
918
932
1217
919
933
1218
920
934
1219
921
935
1220
922
936
1221
923
937
1222
924
938
1223
925
939
1224
926
940
1225
927
941
1226
928
942
1227
929
943
1228
944
1229
931
945
1230
932
946
1231
933
947
1232
934
948
1233
935
949
1234
936
950
1235
937
951
1236
938
952
1237
939
953
1238
940
954
1239
941
955
1240
942
956
1241
943
957
1242
944
958
1243
959
1244
946
960
1245
947
961
1246
948
962
1247
949
963
1248
950
964
1249
951
965
1250
952
966
1251
953
967
1252
954
968
1253
955
969
1254
956
970
1255
957
971
1256
958
972
1257
959
973
1258
974
1259
961
975
1260
962
976
1261
963
977
1262
964
978
1263
965
979
1264
966
980
1265
967
981
1266
968
982
1267
969
983
1268
970
984
1269
971
985
1270
972
986
1271
973
987
1272
974
988
1273
989
1274
976
990
1275
977
991
1276
978
992
1277
979
993
1278
980
994
1279
981
995
1280
982
996
1281
983
997
1282
984
998
1283
985
999
1284
986
1000
1285
987
1001
1286
988
1002
1287
989
1003
1288
1004
1289
991
1005
1290
992
1006
1291
993
1007
1292
994
1008
1293
995
1009
1294
996
1010
1295
997
1011
1296
998
1012
1297
999
1013
1298
1000
1014
1299
1001
1015
1300
1002
1016
1301
1003
1017
1302
1004
1018
1303
1019
1304
1006
1020
1305
1007
1021
1306
1008
1022
1307
1009
1023
1308
1010
1024
1309
1011
1025
1310
1012
1026
1311
1013
1027
1312
1014
1028
1313
1015
1029
1314
1016
1030
1315
1017
1031
1316
1018
1032
1317
1019
1033
1318
1034
1319
1021
1035
1320
1022
1036
1321
1023
1037
1322
1024
1038
1323
1025
1039
1324
1026
1040
1325
1027
1041
1326
1028
1042
1327
1029
1043
1328
1030
1044
1329
1031
1045
1330
1032
1046
1331
1033
1047
1332
1034
1048
1333
1049
1334
1036
1050
1335
1037
1051
1336
1038
1052
1337
1039
1053
1338
1040
1054
1339
1041
1055
1340
1042
1056
1341
1043
1057
1342
1044
1058
1343
1045
1059
1344
1046
1060
1345
1047
1061
1346
1048
1062
1347
1049
1063
1348
1064
1349
1051
1065
1350
1052
1066
1351
1053
1067
1352
1054
1068
1353
1055
1069
1354
1056
1070
1355
1057
1071
1356
1058
1072
1357
1059
1073
1358
1060
1074
1359
1061
1075
1360
1062
1076
1361
1063
1077
1362
1064
1078
1363
1079
1364
1066
1080
1365
1067
1081
1366
1068
1082
1367
1069
1083
1368
1070
1084
1369
1071
1085
1370
1072
1086
1371
1073
1087
1372
1074
1088
1373
1075
1089
1374
1076
1090
1375
1077
1091
1376
1078
1092
1377
1079
1093
1378
1094
1379
1081
1095
1380
1082
1096
1381
1083
1097
1382
1084
1098
1383
1085
1099
1384
1086
1100
1385
1087
1101
1386
1088
1102
1387
1089
1103
1388
1090
1104
1389
1091
1105
1390
1092
1106
1391
1093
1107
1392
1094
1108
1393
1109
1394
1096
1110
1395
1097
1111
1396
1098
1112
1397
1099
1113
1398
1100
1114
1399
1101
1115
1400
1102
1116
1401
1103
1117
1402
1104
1118
1403
1105
1119
1404
1106
1120
1405
1107
1121
1406
1108
1122
1407
1109
1123
1408
1124
1409
1111
1125
1410
1112
1126
1411
1113
1127
1412
1114
1128
1413
1115
1129
1414
1116
1130
1415
1117
1131
1416
1118
1132
1417
1119
1133
1418
1120
1134
1419
1121
1135
1420
1122
1136
1421
1123
1137
1422
1124
1138
1423
1139
1424
1126
1140
1425
1127
1141
1426
1128
1142
1427
1129
1143
1428
1130
1144
1429
1131
1145
1430
1132
1146
1431
1133
1147
1432
1134
1148
1433
1135
1149
1434
1136
1150
1435
1137
1151
1436
1138
1152
1437
1139
1153
1438
1154
1439
1141
1155
1440
1142
1156
1441
1143
1157
1442
1144
1158
1443
1145
1159
1444
1146
1160
1445
1147
1161
1446
1148
1162
1447
1149
1163
1448
1150
1164
1449
1151
1165
1450
1152
1166
1451
1153
1167
1452
1154
1168
1453
1169
1454
1156
1170
1455
1157
1171
1456
1158
1172
1457
1159
1173
1458
1160
1174
1459
1161
1175
1460
1162
1176
1461
1163
1177
1462
1164
1178
1463
1165
1179
1464
1166
1180
1465
1167
1181
1466
1168
1182
1467
1169
1183
1468
1184
1469
1171
1185
1470
1172
1186
1471
1173
1187
1472
1174
1188
1473
1175
1189
1474
1176
1190
1475
1177
1191
1476
1178
1192
1477
1179
1193
1478
1180
1194
1479
1181
1195
1480
1182
1196
1481
1183
1197
1482
1184
1198
1483
1199
1484
1186
1485
1187
1486
1188
1487
1189
1488
1190
1489
1191
1490
1192
1491
1193
1492
1194
1493
1195
1494
1196
1495
1197
1496
1198
1497
1199
1498
1499
1201
1215
1202
1216
1203
1217
1204
1218
1205
1219
1206
1220
1207
1221
1208
1222
1209
1223
1210
1224
1211
1225
1212
1226
1213
1227
1214
1228
1229
1216
1230
1217
1231
1218
1232
1219
1233
1220
1234
1221
1235
1222
1236
1223
1237
1224
1238
1225
1239
1226
1240
1227
1241
1228
1242
1229
1243
1244
1231
1245
1232
1246
1233
1247
1234
1248
1235
1249
1236
1250
1237
1251
1238
1252
1239
1253
1240
1254
1241
1255
1242
1256
1243
1257
1244
1258
1259
1246
1260
1247
1261
1248
1262
1249
1263
1250
1264
1251
1265
1252
1266
1253
1267
1254
1268
1255
1269
1256
1270
1257
1271
1258
1272
1259
1273
1274
1261
1275
1262
1276
1263
1277
1264
1278
1265
1279
1266
1280
1267
1281
1268
1282
1269
1283
1270
1284
1271
1285
1272
1286
1273
1287
1274
1288
1289
1276
1290
1277
1291
1278
1292
1279
1293
1280
1294
1281
1295
1282
1296
1283
1297
1284
1298
1285
1299
1286
1300
1287
1301
1288
1302
1289
1303
1304
1291
1305
1292
1306
1293
1307
1294
1308
1295
1309
1296
1310
1297
1311
1298
1312
1299
1313
1300
1314
1301
1315
1302
1316
1303
1317
1304
1318
1319
1306
1320
1307
1321
1308
1322
1309
1323
1310
1324
1311
1325
1312
1326
1313
1327
1314
1328
1315
1329
1316
1330
1317
1331
1318
1332
1319
1333
1334
1321
1335
1322
1336
1323
1337
1324
1338
1325
1339
1326
1340
1327
1341
1328
1342
1329
1343
1330
1344
1331
1345
1332
1346
1333
1347
1334
1348
1349
1336
1350
1337
1351
1338
1352
1339
1353
1340
1354
1341
1355
1342
1356
1343
1357
1344
1358
1345
1359
1346
1360
1347
1361
1348
1362
1349
1363
1364
1351
1365
1352
1366
1353
1367
1354
1368
1355
1369
1356
1370
1357
1371
1358
1372
1359
1373
1360
1374
1361
1375
1362
1376
1363
1377
1364
1378
1379
1366
1380
1367
1381
1368
1382
1369
1383
1370
1384
1371
1385
1372
1386
1373
1387
1374
1388
1375
1389
1376
1390
1377
1391
1378
1392
1379
1393
1394
1381
1395
1382
1396
1383
1397
1384
1398
1385
1399
1386
1400
1387
1401
1388
1402
1389
1403
1390
1404
1391
1405
1392
1406
1393
1407
1394
1408
1409
1396
1410
1397
1411
1398
1412
1399
1413
1400
1414
1401
1415
1402
1416
1403
1417
1404
1418
1405
1419
1406
1420
1407
1421
1408
1422
1409
1423
1424
1411
1425
1412
1426
1413
1427
1414
1428
1415
1429
1416
1430
1417
1431
1418
1432
1419
1433
1420
1434
1421
1435
1422
1436
1423
1437
1424
1438
1439
1426
1440
1427
1441
1428
1442
1429
1443
1430
1444
1431
1445
1432
1446
1433
1447
1434
1448
1435
1449
1436
1450
1437
1451
1438
1452
1439
1453
1454
1441
1455
1442
1456
1443
1457
1444
1458
1445
1459
1446
1460
1447
1461
1448
1462
1449
1463
1450
1464
1451
1465
1452
1466
1453
1467
1454
1468
1469
1456
1470
1457
1471
1458
1472
1459
1473
1460
1474
1461
1475
1462
1476
1463
1477
1464
1478
1465
1479
1466
1480
1467
1481
1468
1482
1469
1483
1484
1471
1485
1472
1486
1473
1487
1474
1488
1475
1489
1476
1490
1477
1491
1478
1492
1479
1493
1480
1494
1481
1495
1482
1496
1483
1497
1484
1498
1499
1486
1487
1488
1489
1490
1491
1492
1493
1494
1495
1496
1497
1498
1499
)


// ************************************************************************* //
