/*--------------------------------*- C++ -*----------------------------------*\
| =========                 |                                                 |
| \\      /  F ield         | OpenFOAM: The Open Source CFD Toolbox           |
|  \\    /   O peration     | Version:  2512                                  |
|   \\  /    A nd           | Website:  www.openfoam.com                      |
|    \\/     M anipulation  |                                                 |
\*---------------------------------------------------------------------------*/
FoamFile
{
    version     2.0;
    format      ascii;
    arch        "LSB;label=32;scalar=64";
    class       vectorField;
    location    "constant/polyMesh";
    object      points;
}
// * * * * * * * * * * * * * * * * * * * * * * * * * * * * * * * * * * * * * //


2016
(
(-0.009 -0.02 0)
(-0.005 -0.02 0)
(-0.001 -0.02 0)
(0.003 -0.02 0)
(0.007 -0.02 0)
(0.011 -0.02 0)
(0.015 -0.02 0)
(0.019 -0.02 0)
(0.023 -0.02 0)
(0.027 -0.02 0)
(0.031 -0.02 0)
(0.035 -0.02 0)
(0.039 -0.02 0)
(0.043 -0.02 0)
(0.047 -0.02 0)
(0.051 -0.02 0)
(-0.009 -0.015 0)
(-0.005 -0.015 0)
(-0.001 -0.015 0)
(0.003 -0.015 0)
(0.007 -0.015 0)
(0.011 -0.015 0)
(0.015 -0.015 0)
(0.019 -0.015 0)
(0.023 -0.015 0)
(0.027 -0.015 0)
(0.031 -0.015 0)
(0.035 -0.015 0)
(0.039 -0.015 0)
(0.043 -0.015 0)
(0.047 -0.015 0)
(0.051 -0.015 0)
(-0.009 -0.01 0)
(-0.005 -0.01 0)
(-0.001 -0.01 0)
(0.003 -0.01 0)
(0.007 -0.01 0)
(0.011 -0.01 0)
(0.015 -0.01 0)
(0.019 -0.01 0)
(0.023 -0.01 0)
(0.027 -0.01 0)
(0.031 -0.01 0)
(0.035 -0.01 0)
(0.039 -0.01 0)
(0.043 -0.01 0)
(0.047 -0.01 0)
(0.051 -0.01 0)
(-0.009 -0.005 0)
(-0.005 -0.005 0)
(-0.001 -0.005 0)
(0.003 -0.005 0)
(0.007 -0.005 0)
(0.011 -0.005 0)
(0.015 -0.005 0)
(0.019 -0.005 0)
(0.023 -0.005 0)
(0.027 -0.005 0)
(0.031 -0.005 0)
(0.035 -0.005 0)
(0.039 -0.005 0)
(0.043 -0.005 0)
(0.047 -0.005 0)
(0.051 -0.005 0)
(-0.009 0 0)
(-0.005 0 0)
(-0.001 0 0)
(0.003 0 0)
(0.007 0 0)
(0.011 0 0)
(0.015 5.921189465e-19 0)
(0.019 0 0)
(0.023 0 0)
(0.027 2.960594732e-19 0)
(0.031 0 0)
(0.035 5.921189465e-19 0)
(0.039 5.921189465e-19 0)
(0.043 0 0)
(0.047 0 0)
(0.051 0 0)
(-0.009 0.005 0)
(-0.005 0.005 0)
(-0.001 0.005 0)
(0.003 0.005 0)
(0.007 0.005 0)
(0.011 0.005 0)
(0.015 0.005 0)
(0.019 0.005 0)
(0.023 0.005 0)
(0.027 0.005 0)
(0.031 0.005 0)
(0.035 0.005 0)
(0.039 0.005 0)
(0.043 0.005 0)
(0.047 0.005 0)
(0.051 0.005 0)
(-0.009 0.01 0)
(-0.005 0.01 0)
(-0.001 0.01 0)
(0.003 0.01 0)
(0.007 0.01 0)
(0.011 0.01 0)
(0.015 0.01 0)
(0.019 0.01 0)
(0.023 0.01 0)
(0.027 0.01 0)
(0.031 0.01 0)
(0.035 0.01 0)
(0.039 0.01 0)
(0.043 0.01 0)
(0.047 0.01 0)
(0.051 0.01 0)
(-0.009 0.015 0)
(-0.005 0.015 0)
(-0.001 0.015 0)
(0.003 0.015 0)
(0.007 0.015 0)
(0.011 0.015 0)
(0.015 0.015 0)
(0.019 0.015 0)
(0.023 0.015 0)
(0.027 0.015 0)
(0.031 0.015 0)
(0.035 0.015 0)
(0.039 0.015 0)
(0.043 0.015 0)
(0.047 0.015 0)
(0.051 0.015 0)
(-0.009 0.02 0)
(-0.005 0.02 0)
(-0.001 0.02 0)
(0.003 0.02 0)
(0.007 0.02 0)
(0.011 0.02 0)
(0.015 0.02 0)
(0.019 0.02 0)
(0.023 0.02 0)
(0.027 0.02 0)
(0.031 0.02 0)
(0.035 0.02 0)
(0.039 0.02 0)
(0.043 0.02 0)
(0.047 0.02 0)
(0.051 0.02 0)
(-0.009 0.025 0)
(-0.005 0.025 0)
(-0.001 0.025 0)
(0.003 0.025 0)
(0.007 0.025 0)
(0.011 0.025 0)
(0.015 0.025 0)
(0.019 0.025 0)
(0.023 0.025 0)
(0.027 0.025 0)
(0.031 0.025 0)
(0.035 0.025 0)
(0.039 0.025 0)
(0.043 0.025 0)
(0.047 0.025 0)
(0.051 0.025 0)
(-0.009 0.03 0)
(-0.005 0.03 0)
(-0.001 0.03 0)
(0.003 0.03 0)
(0.007 0.03 0)
(0.011 0.03 0)
(0.015 0.03 0)
(0.019 0.03 0)
(0.023 0.03 0)
(0.027 0.03 0)
(0.031 0.03 0)
(0.035 0.03 0)
(0.039 0.03 0)
(0.043 0.03 0)
(0.047 0.03 0)
(0.051 0.03 0)
(-0.009 0.035 0)
(-0.005 0.035 0)
(-0.001 0.035 0)
(0.003 0.035 0)
(0.007 0.035 0)
(0.011 0.035 0)
(0.015 0.035 0)
(0.019 0.035 0)
(0.023 0.035 0)
(0.027 0.035 0)
(0.031 0.035 0)
(0.035 0.035 0)
(0.039 0.035 0)
(0.043 0.035 0)
(0.047 0.035 0)
(0.051 0.035 0)
(-0.009 0.04 0)
(-0.005 0.04 0)
(-0.001 0.04 0)
(0.003 0.04 0)
(0.007 0.04 0)
(0.011 0.04 0)
(0.015 0.04 0)
(0.019 0.04 0)
(0.023 0.04 0)
(0.027 0.04 0)
(0.031 0.04 0)
(0.035 0.04 0)
(0.039 0.04 0)
(0.043 0.04 0)
(0.047 0.04 0)
(0.051 0.04 0)
(-0.009 0.045 0)
(-0.005 0.045 0)
(-0.001 0.045 0)
(0.003 0.045 0)
(0.007 0.045 0)
(0.011 0.045 0)
(0.015 0.045 0)
(0.019 0.045 0)
(0.023 0.045 0)
(0.027 0.045 0)
(0.031 0.045 0)
(0.035 0.045 0)
(0.039 0.045 0)
(0.043 0.045 0)
(0.047 0.045 0)
(0.051 0.045 0)
(-0.009 0.05 0)
(-0.005 0.05 0)
(-0.001 0.05 0)
(0.003 0.05 0)
(0.007 0.05 0)
(0.011 0.05 0)
(0.015 0.05 0)
(0.019 0.05 0)
(0.023 0.05 0)
(0.027 0.05 0)
(0.031 0.05 0)
(0.035 0.05 0)
(0.039 0.05 0)
(0.043 0.05 0)
(0.047 0.05 0)
(0.051 0.05 0)
(-0.009 0.055 0)
(-0.005 0.055 0)
(-0.001 0.055 0)
(0.003 0.055 0)
(0.007 0.055 0)
(0.011 0.055 0)
(0.015 0.055 0)
(0.019 0.055 0)
(0.023 0.055 0)
(0.027 0.055 0)
(0.031 0.055 0)
(0.035 0.055 0)
(0.039 0.055 0)
(0.043 0.055 0)
(0.047 0.055 0)
(0.051 0.055 0)
(-0.009 0.06 0)
(-0.005 0.06 0)
(-0.001 0.06 0)
(0.003 0.06 0)
(0.007 0.06 0)
(0.011 0.06 0)
(0.015 0.06 0)
(0.019 0.06 0)
(0.023 0.06 0)
(0.027 0.06 0)
(0.031 0.06 0)
(0.035 0.06 0)
(0.039 0.06 0)
(0.043 0.06 0)
(0.047 0.06 0)
(0.051 0.06 0)
(-0.009 0.065 0)
(-0.005 0.065 0)
(-0.001 0.065 0)
(0.003 0.065 0)
(0.007 0.065 0)
(0.011 0.065 0)
(0.015 0.065 0)
(0.019 0.065 0)
(0.023 0.065 0)
(0.027 0.065 0)
(0.031 0.065 0)
(0.035 0.065 0)
(0.039 0.065 0)
(0.043 0.065 0)
(0.047 0.065 0)
(0.051 0.065 0)
(-0.009 0.07 0)
(-0.005 0.07 0)
(-0.001 0.07 0)
(0.003 0.07 0)
(0.007 0.07 0)
(0.011 0.07 0)
(0.015 0.07 0)
(0.019 0.07 0)
(0.023 0.07 0)
(0.027 0.07 0)
(0.031 0.07 0)
(0.035 0.07 0)
(0.039 0.07 0)
(0.043 0.07 0)
(0.047 0.07 0)
(0.051 0.07 0)
(-0.009 0.075 0)
(-0.005 0.075 0)
(-0.001 0.075 0)
(0.003 0.075 0)
(0.007 0.075 0)
(0.011 0.075 0)
(0.015 0.075 0)
(0.019 0.075 0)
(0.023 0.075 0)
(0.027 0.075 0)
(0.031 0.075 0)
(0.035 0.075 0)
(0.039 0.075 0)
(0.043 0.075 0)
(0.047 0.075 0)
(0.051 0.075 0)
(-0.009 0.08 0)
(-0.005 0.08 0)
(-0.001 0.08 0)
(0.003 0.08 0)
(0.007 0.08 0)
(0.011 0.08 0)
(0.015 0.08 0)
(0.019 0.08 0)
(0.023 0.08 0)
(0.027 0.08 0)
(0.031 0.08 0)
(0.035 0.08 0)
(0.039 0.08 0)
(0.043 0.08 0)
(0.047 0.08 0)
(0.051 0.08 0)
(-0.009 -0.02 0.005)
(-0.005 -0.02 0.005)
(-0.001 -0.02 0.005)
(0.003 -0.02 0.005)
(0.007 -0.02 0.005)
(0.011 -0.02 0.005)
(0.015 -0.02 0.005)
(0.019 -0.02 0.005)
(0.023 -0.02 0.005)
(0.027 -0.02 0.005)
(0.031 -0.02 0.005)
(0.035 -0.02 0.005)
(0.039 -0.02 0.005)
(0.043 -0.02 0.005)
(0.047 -0.02 0.005)
(0.051 -0.02 0.005)
(-0.009 -0.015 0.005)
(-0.005 -0.015 0.005)
(-0.001 -0.015 0.005)
(0.003 -0.015 0.005)
(0.007 -0.015 0.005)
(0.011 -0.015 0.005)
(0.015 -0.015 0.005)
(0.019 -0.015 0.005)
(0.023 -0.015 0.005)
(0.027 -0.015 0.005)
(0.031 -0.015 0.005)
(0.035 -0.015 0.005)
(0.039 -0.015 0.005)
(0.043 -0.015 0.005)
(0.047 -0.015 0.005)
(0.051 -0.015 0.005)
(-0.009 -0.01 0.005)
(-0.005 -0.01 0.005)
(-0.001 -0.01 0.005)
(0.003 -0.01 0.005)
(0.007 -0.01 0.005)
(0.011 -0.01 0.005)
(0.015 -0.01 0.005)
(0.019 -0.01 0.005)
(0.023 -0.01 0.005)
(0.027 -0.01 0.005)
(0.031 -0.01 0.005)
(0.035 -0.01 0.005)
(0.039 -0.01 0.005)
(0.043 -0.01 0.005)
(0.047 -0.01 0.005)
(0.051 -0.01 0.005)
(-0.009 -0.005 0.005)
(-0.005 -0.005 0.005)
(-0.001 -0.005 0.005)
(0.003 -0.005 0.005)
(0.007 -0.005 0.005)
(0.011 -0.005 0.005)
(0.015 -0.005 0.005)
(0.019 -0.005 0.005)
(0.023 -0.005 0.005)
(0.027 -0.005 0.005)
(0.031 -0.005 0.005)
(0.035 -0.005 0.005)
(0.039 -0.005 0.005)
(0.043 -0.005 0.005)
(0.047 -0.005 0.005)
(0.051 -0.005 0.005)
(-0.009 0 0.005)
(-0.005 0 0.005)
(-0.001 0 0.005)
(0.003 0 0.005)
(0.007 0 0.005)
(0.011 0 0.005)
(0.015 5.921189465e-19 0.005)
(0.019 5.921189465e-19 0.005)
(0.023 5.921189465e-19 0.005)
(0.027 2.960594732e-19 0.005)
(0.031 0 0.005)
(0.035 2.960594732e-19 0.005)
(0.039 5.921189465e-19 0.005)
(0.043 -1.480297366e-19 0.005)
(0.047 0 0.005)
(0.051 0 0.005)
(-0.009 0.005 0.005)
(-0.005 0.005 0.005)
(-0.001 0.005 0.005)
(0.003 0.005 0.005)
(0.007 0.005 0.005)
(0.011 0.005 0.005)
(0.015 0.005 0.005)
(0.019 0.005 0.005)
(0.023 0.005 0.005)
(0.027 0.005 0.005)
(0.031 0.005 0.005)
(0.035 0.005 0.005)
(0.039 0.005 0.005)
(0.043 0.005 0.005)
(0.047 0.005 0.005)
(0.051 0.005 0.005)
(-0.009 0.01 0.005)
(-0.005 0.01 0.005)
(-0.001 0.01 0.005)
(0.003 0.01 0.005)
(0.007 0.01 0.005)
(0.011 0.01 0.005)
(0.015 0.01 0.005)
(0.019 0.01 0.005)
(0.023 0.01 0.005)
(0.027 0.01 0.005)
(0.031 0.01 0.005)
(0.035 0.01 0.005)
(0.039 0.01 0.005)
(0.043 0.01 0.005)
(0.047 0.01 0.005)
(0.051 0.01 0.005)
(-0.009 0.015 0.005)
(-0.005 0.015 0.005)
(-0.001 0.015 0.005)
(0.003 0.015 0.005)
(0.007 0.015 0.005)
(0.011 0.015 0.005)
(0.015 0.015 0.005)
(0.019 0.015 0.005)
(0.023 0.015 0.005)
(0.027 0.015 0.005)
(0.031 0.015 0.005)
(0.035 0.015 0.005)
(0.039 0.015 0.005)
(0.043 0.015 0.005)
(0.047 0.015 0.005)
(0.051 0.015 0.005)
(-0.009 0.02 0.005)
(-0.005 0.02 0.005)
(-0.001 0.02 0.005)
(0.003 0.02 0.005)
(0.007 0.02 0.005)
(0.011 0.02 0.005)
(0.015 0.02 0.005)
(0.019 0.02 0.005)
(0.023 0.02 0.005)
(0.027 0.02 0.005)
(0.031 0.02 0.005)
(0.035 0.02 0.005)
(0.039 0.02 0.005)
(0.043 0.02 0.005)
(0.047 0.02 0.005)
(0.051 0.02 0.005)
(-0.009 0.025 0.005)
(-0.005 0.025 0.005)
(-0.001 0.025 0.005)
(0.003 0.025 0.005)
(0.007 0.025 0.005)
(0.011 0.025 0.005)
(0.015 0.025 0.005)
(0.019 0.025 0.005)
(0.023 0.025 0.005)
(0.027 0.025 0.005)
(0.031 0.025 0.005)
(0.035 0.025 0.005)
(0.039 0.025 0.005)
(0.043 0.025 0.005)
(0.047 0.025 0.005)
(0.051 0.025 0.005)
(-0.009 0.03 0.005)
(-0.005 0.03 0.005)
(-0.001 0.03 0.005)
(0.003 0.03 0.005)
(0.007 0.03 0.005)
(0.011 0.03 0.005)
(0.015 0.03 0.005)
(0.019 0.03 0.005)
(0.023 0.03 0.005)
(0.027 0.03 0.005)
(0.031 0.03 0.005)
(0.035 0.03 0.005)
(0.039 0.03 0.005)
(0.043 0.03 0.005)
(0.047 0.03 0.005)
(0.051 0.03 0.005)
(-0.009 0.035 0.005)
(-0.005 0.035 0.005)
(-0.001 0.035 0.005)
(0.003 0.035 0.005)
(0.007 0.035 0.005)
(0.011 0.035 0.005)
(0.015 0.035 0.005)
(0.019 0.035 0.005)
(0.023 0.035 0.005)
(0.027 0.035 0.005)
(0.031 0.035 0.005)
(0.035 0.035 0.005)
(0.039 0.035 0.005)
(0.043 0.035 0.005)
(0.047 0.035 0.005)
(0.051 0.035 0.005)
(-0.009 0.04 0.005)
(-0.005 0.04 0.005)
(-0.001 0.04 0.005)
(0.003 0.04 0.005)
(0.007 0.04 0.005)
(0.011 0.04 0.005)
(0.015 0.04 0.005)
(0.019 0.04 0.005)
(0.023 0.04 0.005)
(0.027 0.04 0.005)
(0.031 0.04 0.005)
(0.035 0.04 0.005)
(0.039 0.04 0.005)
(0.043 0.04 0.005)
(0.047 0.04 0.005)
(0.051 0.04 0.005)
(-0.009 0.045 0.005)
(-0.005 0.045 0.005)
(-0.001 0.045 0.005)
(0.003 0.045 0.005)
(0.007 0.045 0.005)
(0.011 0.045 0.005)
(0.015 0.045 0.005)
(0.019 0.045 0.005)
(0.023 0.045 0.005)
(0.027 0.045 0.005)
(0.031 0.045 0.005)
(0.035 0.045 0.005)
(0.039 0.045 0.005)
(0.043 0.045 0.005)
(0.047 0.045 0.005)
(0.051 0.045 0.005)
(-0.009 0.05 0.005)
(-0.005 0.05 0.005)
(-0.001 0.05 0.005)
(0.003 0.05 0.005)
(0.007 0.05 0.005)
(0.011 0.05 0.005)
(0.015 0.05 0.005)
(0.019 0.05 0.005)
(0.023 0.05 0.005)
(0.027 0.05 0.005)
(0.031 0.05 0.005)
(0.035 0.05 0.005)
(0.039 0.05 0.005)
(0.043 0.05 0.005)
(0.047 0.05 0.005)
(0.051 0.05 0.005)
(-0.009 0.055 0.005)
(-0.005 0.055 0.005)
(-0.001 0.055 0.005)
(0.003 0.055 0.005)
(0.007 0.055 0.005)
(0.011 0.055 0.005)
(0.015 0.055 0.005)
(0.019 0.055 0.005)
(0.023 0.055 0.005)
(0.027 0.055 0.005)
(0.031 0.055 0.005)
(0.035 0.055 0.005)
(0.039 0.055 0.005)
(0.043 0.055 0.005)
(0.047 0.055 0.005)
(0.051 0.055 0.005)
(-0.009 0.06 0.005)
(-0.005 0.06 0.005)
(-0.001 0.06 0.005)
(0.003 0.06 0.005)
(0.007 0.06 0.005)
(0.011 0.06 0.005)
(0.015 0.06 0.005)
(0.019 0.06 0.005)
(0.023 0.06 0.005)
(0.027 0.06 0.005)
(0.031 0.06 0.005)
(0.035 0.06 0.005)
(0.039 0.06 0.005)
(0.043 0.06 0.005)
(0.047 0.06 0.005)
(0.051 0.06 0.005)
(-0.009 0.065 0.005)
(-0.005 0.065 0.005)
(-0.001 0.065 0.005)
(0.003 0.065 0.005)
(0.007 0.065 0.005)
(0.011 0.065 0.005)
(0.015 0.065 0.005)
(0.019 0.065 0.005)
(0.023 0.065 0.005)
(0.027 0.065 0.005)
(0.031 0.065 0.005)
(0.035 0.065 0.005)
(0.039 0.065 0.005)
(0.043 0.065 0.005)
(0.047 0.065 0.005)
(0.051 0.065 0.005)
(-0.009 0.07 0.005)
(-0.005 0.07 0.005)
(-0.001 0.07 0.005)
(0.003 0.07 0.005)
(0.007 0.07 0.005)
(0.011 0.07 0.005)
(0.015 0.07 0.005)
(0.019 0.07 0.005)
(0.023 0.07 0.005)
(0.027 0.07 0.005)
(0.031 0.07 0.005)
(0.035 0.07 0.005)
(0.039 0.07 0.005)
(0.043 0.07 0.005)
(0.047 0.07 0.005)
(0.051 0.07 0.005)
(-0.009 0.075 0.005)
(-0.005 0.075 0.005)
(-0.001 0.075 0.005)
(0.003 0.075 0.005)
(0.007 0.075 0.005)
(0.011 0.075 0.005)
(0.015 0.075 0.005)
(0.019 0.075 0.005)
(0.023 0.075 0.005)
(0.027 0.075 0.005)
(0.031 0.075 0.005)
(0.035 0.075 0.005)
(0.039 0.075 0.005)
(0.043 0.075 0.005)
(0.047 0.075 0.005)
(0.051 0.075 0.005)
(-0.009 0.08 0.005)
(-0.005 0.08 0.005)
(-0.001 0.08 0.005)
(0.003 0.08 0.005)
(0.007 0.08 0.005)
(0.011 0.08 0.005)
(0.015 0.08 0.005)
(0.019 0.08 0.005)
(0.023 0.08 0.005)
(0.027 0.08 0.005)
(0.031 0.08 0.005)
(0.035 0.08 0.005)
(0.039 0.08 0.005)
(0.043 0.08 0.005)
(0.047 0.08 0.005)
(0.051 0.08 0.005)
(-0.009 -0.02 0.01)
(-0.005 -0.02 0.01)
(-0.001 -0.02 0.01)
(0.003 -0.02 0.01)
(0.007 -0.02 0.01)
(0.011 -0.02 0.01)
(0.015 -0.02 0.01)
(0.019 -0.02 0.01)
(0.023 -0.02 0.01)
(0.027 -0.02 0.01)
(0.031 -0.02 0.01)
(0.035 -0.02 0.01)
(0.039 -0.02 0.01)
(0.043 -0.02 0.01)
(0.047 -0.02 0.01)
(0.051 -0.02 0.01)
(-0.009 -0.015 0.01)
(-0.005 -0.015 0.01)
(-0.001 -0.015 0.01)
(0.003 -0.015 0.01)
(0.007 -0.015 0.01)
(0.011 -0.015 0.01)
(0.015 -0.015 0.01)
(0.019 -0.015 0.01)
(0.023 -0.015 0.01)
(0.027 -0.015 0.01)
(0.031 -0.015 0.01)
(0.035 -0.015 0.01)
(0.039 -0.015 0.01)
(0.043 -0.015 0.01)
(0.047 -0.015 0.01)
(0.051 -0.015 0.01)
(-0.009 -0.01 0.01)
(-0.005 -0.01 0.01)
(-0.001 -0.01 0.01)
(0.003 -0.01 0.01)
(0.007 -0.01 0.01)
(0.011 -0.01 0.01)
(0.015 -0.01 0.01)
(0.019 -0.01 0.01)
(0.023 -0.01 0.01)
(0.027 -0.01 0.01)
(0.031 -0.01 0.01)
(0.035 -0.01 0.01)
(0.039 -0.01 0.01)
(0.043 -0.01 0.01)
(0.047 -0.01 0.01)
(0.051 -0.01 0.01)
(-0.009 -0.005 0.01)
(-0.005 -0.005 0.01)
(-0.001 -0.005 0.01)
(0.003 -0.005 0.01)
(0.007 -0.005 0.01)
(0.011 -0.005 0.01)
(0.015 -0.005 0.01)
(0.019 -0.005 0.01)
(0.023 -0.005 0.01)
(0.027 -0.005 0.01)
(0.031 -0.005 0.01)
(0.035 -0.005 0.01)
(0.039 -0.005 0.01)
(0.043 -0.005 0.01)
(0.047 -0.005 0.01)
(0.051 -0.005 0.01)
(-0.009 0 0.01)
(-0.005 0 0.01)
(-0.001 0 0.01)
(0.003 0 0.01)
(0.007 0 0.01)
(0.011 0 0.01)
(0.015 5.921189465e-19 0.01)
(0.019 -5.921189465e-19 0.01)
(0.023 -2.960594732e-19 0.01)
(0.027 2.960594732e-19 0.01)
(0.031 0 0.01)
(0.035 5.921189465e-19 0.01)
(0.039 5.921189465e-19 0.01)
(0.043 0 0.01)
(0.047 7.401486831e-20 0.01)
(0.051 0 0.01)
(-0.009 0.005 0.01)
(-0.005 0.005 0.01)
(-0.001 0.005 0.01)
(0.003 0.005 0.01)
(0.007 0.005 0.01)
(0.011 0.005 0.01)
(0.015 0.005 0.01)
(0.019 0.005 0.01)
(0.023 0.005 0.01)
(0.027 0.005 0.01)
(0.031 0.005 0.01)
(0.035 0.005 0.01)
(0.039 0.005 0.01)
(0.043 0.005 0.01)
(0.047 0.005 0.01)
(0.051 0.005 0.01)
(-0.009 0.01 0.01)
(-0.005 0.01 0.01)
(-0.001 0.01 0.01)
(0.003 0.01 0.01)
(0.007 0.01 0.01)
(0.011 0.01 0.01)
(0.015 0.01 0.01)
(0.019 0.01 0.01)
(0.023 0.01 0.01)
(0.027 0.01 0.01)
(0.031 0.01 0.01)
(0.035 0.01 0.01)
(0.039 0.01 0.01)
(0.043 0.01 0.01)
(0.047 0.01 0.01)
(0.051 0.01 0.01)
(-0.009 0.015 0.01)
(-0.005 0.015 0.01)
(-0.001 0.015 0.01)
(0.003 0.015 0.01)
(0.007 0.015 0.01)
(0.011 0.015 0.01)
(0.015 0.015 0.01)
(0.019 0.015 0.01)
(0.023 0.015 0.01)
(0.027 0.015 0.01)
(0.031 0.015 0.01)
(0.035 0.015 0.01)
(0.039 0.015 0.01)
(0.043 0.015 0.01)
(0.047 0.015 0.01)
(0.051 0.015 0.01)
(-0.009 0.02 0.01)
(-0.005 0.02 0.01)
(-0.001 0.02 0.01)
(0.003 0.02 0.01)
(0.007 0.02 0.01)
(0.011 0.02 0.01)
(0.015 0.02 0.01)
(0.019 0.02 0.01)
(0.023 0.02 0.01)
(0.027 0.02 0.01)
(0.031 0.02 0.01)
(0.035 0.02 0.01)
(0.039 0.02 0.01)
(0.043 0.02 0.01)
(0.047 0.02 0.01)
(0.051 0.02 0.01)
(-0.009 0.025 0.01)
(-0.005 0.025 0.01)
(-0.001 0.025 0.01)
(0.003 0.025 0.01)
(0.007 0.025 0.01)
(0.011 0.025 0.01)
(0.015 0.025 0.01)
(0.019 0.025 0.01)
(0.023 0.025 0.01)
(0.027 0.025 0.01)
(0.031 0.025 0.01)
(0.035 0.025 0.01)
(0.039 0.025 0.01)
(0.043 0.025 0.01)
(0.047 0.025 0.01)
(0.051 0.025 0.01)
(-0.009 0.03 0.01)
(-0.005 0.03 0.01)
(-0.001 0.03 0.01)
(0.003 0.03 0.01)
(0.007 0.03 0.01)
(0.011 0.03 0.01)
(0.015 0.03 0.01)
(0.019 0.03 0.01)
(0.023 0.03 0.01)
(0.027 0.03 0.01)
(0.031 0.03 0.01)
(0.035 0.03 0.01)
(0.039 0.03 0.01)
(0.043 0.03 0.01)
(0.047 0.03 0.01)
(0.051 0.03 0.01)
(-0.009 0.035 0.01)
(-0.005 0.035 0.01)
(-0.001 0.035 0.01)
(0.003 0.035 0.01)
(0.007 0.035 0.01)
(0.011 0.035 0.01)
(0.015 0.035 0.01)
(0.019 0.035 0.01)
(0.023 0.035 0.01)
(0.027 0.035 0.01)
(0.031 0.035 0.01)
(0.035 0.035 0.01)
(0.039 0.035 0.01)
(0.043 0.035 0.01)
(0.047 0.035 0.01)
(0.051 0.035 0.01)
(-0.009 0.04 0.01)
(-0.005 0.04 0.01)
(-0.001 0.04 0.01)
(0.003 0.04 0.01)
(0.007 0.04 0.01)
(0.011 0.04 0.01)
(0.015 0.04 0.01)
(0.019 0.04 0.01)
(0.023 0.04 0.01)
(0.027 0.04 0.01)
(0.031 0.04 0.01)
(0.035 0.04 0.01)
(0.039 0.04 0.01)
(0.043 0.04 0.01)
(0.047 0.04 0.01)
(0.051 0.04 0.01)
(-0.009 0.045 0.01)
(-0.005 0.045 0.01)
(-0.001 0.045 0.01)
(0.003 0.045 0.01)
(0.007 0.045 0.01)
(0.011 0.045 0.01)
(0.015 0.045 0.01)
(0.019 0.045 0.01)
(0.023 0.045 0.01)
(0.027 0.045 0.01)
(0.031 0.045 0.01)
(0.035 0.045 0.01)
(0.039 0.045 0.01)
(0.043 0.045 0.01)
(0.047 0.045 0.01)
(0.051 0.045 0.01)
(-0.009 0.05 0.01)
(-0.005 0.05 0.01)
(-0.001 0.05 0.01)
(0.003 0.05 0.01)
(0.007 0.05 0.01)
(0.011 0.05 0.01)
(0.015 0.05 0.01)
(0.019 0.05 0.01)
(0.023 0.05 0.01)
(0.027 0.05 0.01)
(0.031 0.05 0.01)
(0.035 0.05 0.01)
(0.039 0.05 0.01)
(0.043 0.05 0.01)
(0.047 0.05 0.01)
(0.051 0.05 0.01)
(-0.009 0.055 0.01)
(-0.005 0.055 0.01)
(-0.001 0.055 0.01)
(0.003 0.055 0.01)
(0.007 0.055 0.01)
(0.011 0.055 0.01)
(0.015 0.055 0.01)
(0.019 0.055 0.01)
(0.023 0.055 0.01)
(0.027 0.055 0.01)
(0.031 0.055 0.01)
(0.035 0.055 0.01)
(0.039 0.055 0.01)
(0.043 0.055 0.01)
(0.047 0.055 0.01)
(0.051 0.055 0.01)
(-0.009 0.06 0.01)
(-0.005 0.06 0.01)
(-0.001 0.06 0.01)
(0.003 0.06 0.01)
(0.007 0.06 0.01)
(0.011 0.06 0.01)
(0.015 0.06 0.01)
(0.019 0.06 0.01)
(0.023 0.06 0.01)
(0.027 0.06 0.01)
(0.031 0.06 0.01)
(0.035 0.06 0.01)
(0.039 0.06 0.01)
(0.043 0.06 0.01)
(0.047 0.06 0.01)
(0.051 0.06 0.01)
(-0.009 0.065 0.01)
(-0.005 0.065 0.01)
(-0.001 0.065 0.01)
(0.003 0.065 0.01)
(0.007 0.065 0.01)
(0.011 0.065 0.01)
(0.015 0.065 0.01)
(0.019 0.065 0.01)
(0.023 0.065 0.01)
(0.027 0.065 0.01)
(0.031 0.065 0.01)
(0.035 0.065 0.01)
(0.039 0.065 0.01)
(0.043 0.065 0.01)
(0.047 0.065 0.01)
(0.051 0.065 0.01)
(-0.009 0.07 0.01)
(-0.005 0.07 0.01)
(-0.001 0.07 0.01)
(0.003 0.07 0.01)
(0.007 0.07 0.01)
(0.011 0.07 0.01)
(0.015 0.07 0.01)
(0.019 0.07 0.01)
(0.023 0.07 0.01)
(0.027 0.07 0.01)
(0.031 0.07 0.01)
(0.035 0.07 0.01)
(0.039 0.07 0.01)
(0.043 0.07 0.01)
(0.047 0.07 0.01)
(0.051 0.07 0.01)
(-0.009 0.075 0.01)
(-0.005 0.075 0.01)
(-0.001 0.075 0.01)
(0.003 0.075 0.01)
(0.007 0.075 0.01)
(0.011 0.075 0.01)
(0.015 0.075 0.01)
(0.019 0.075 0.01)
(0.023 0.075 0.01)
(0.027 0.075 0.01)
(0.031 0.075 0.01)
(0.035 0.075 0.01)
(0.039 0.075 0.01)
(0.043 0.075 0.01)
(0.047 0.075 0.01)
(0.051 0.075 0.01)
(-0.009 0.08 0.01)
(-0.005 0.08 0.01)
(-0.001 0.08 0.01)
(0.003 0.08 0.01)
(0.007 0.08 0.01)
(0.011 0.08 0.01)
(0.015 0.08 0.01)
(0.019 0.08 0.01)
(0.023 0.08 0.01)
(0.027 0.08 0.01)
(0.031 0.08 0.01)
(0.035 0.08 0.01)
(0.039 0.08 0.01)
(0.043 0.08 0.01)
(0.047 0.08 0.01)
(0.051 0.08 0.01)
(-0.009 -0.02 0.015)
(-0.005 -0.02 0.015)
(-0.001 -0.02 0.015)
(0.003 -0.02 0.015)
(0.007 -0.02 0.015)
(0.011 -0.02 0.015)
(0.015 -0.02 0.015)
(0.019 -0.02 0.015)
(0.023 -0.02 0.015)
(0.027 -0.02 0.015)
(0.031 -0.02 0.015)
(0.035 -0.02 0.015)
(0.039 -0.02 0.015)
(0.043 -0.02 0.015)
(0.047 -0.02 0.015)
(0.051 -0.02 0.015)
(-0.009 -0.015 0.015)
(-0.005 -0.015 0.015)
(-0.001 -0.015 0.015)
(0.003 -0.015 0.015)
(0.007 -0.015 0.015)
(0.011 -0.015 0.015)
(0.015 -0.015 0.015)
(0.019 -0.015 0.015)
(0.023 -0.015 0.015)
(0.027 -0.015 0.015)
(0.031 -0.015 0.015)
(0.035 -0.015 0.015)
(0.039 -0.015 0.015)
(0.043 -0.015 0.015)
(0.047 -0.015 0.015)
(0.051 -0.015 0.015)
(-0.009 -0.01 0.015)
(-0.005 -0.01 0.015)
(-0.001 -0.01 0.015)
(0.003 -0.01 0.015)
(0.007 -0.01 0.015)
(0.011 -0.01 0.015)
(0.015 -0.01 0.015)
(0.019 -0.01 0.015)
(0.023 -0.01 0.015)
(0.027 -0.01 0.015)
(0.031 -0.01 0.015)
(0.035 -0.01 0.015)
(0.039 -0.01 0.015)
(0.043 -0.01 0.015)
(0.047 -0.01 0.015)
(0.051 -0.01 0.015)
(-0.009 -0.005 0.015)
(-0.005 -0.005 0.015)
(-0.001 -0.005 0.015)
(0.003 -0.005 0.015)
(0.007 -0.005 0.015)
(0.011 -0.005 0.015)
(0.015 -0.005 0.015)
(0.019 -0.005 0.015)
(0.023 -0.005 0.015)
(0.027 -0.005 0.015)
(0.031 -0.005 0.015)
(0.035 -0.005 0.015)
(0.039 -0.005 0.015)
(0.043 -0.005 0.015)
(0.047 -0.005 0.015)
(0.051 -0.005 0.015)
(-0.009 0 0.015)
(-0.005 0 0.015)
(-0.001 0 0.015)
(0.003 0 0.015)
(0.007 0 0.015)
(0.011 0 0.015)
(0.015 5.921189465e-19 0.015)
(0.019 -5.921189465e-19 0.015)
(0.023 -2.960594732e-19 0.015)
(0.027 2.960594732e-19 0.015)
(0.031 0 0.015)
(0.035 5.921189465e-19 0.015)
(0.039 5.921189465e-19 0.015)
(0.043 0 0.015)
(0.047 7.401486831e-20 0.015)
(0.051 0 0.015)
(-0.009 0.005 0.015)
(-0.005 0.005 0.015)
(-0.001 0.005 0.015)
(0.003 0.005 0.015)
(0.007 0.005 0.015)
(0.011 0.005 0.015)
(0.015 0.005 0.015)
(0.019 0.005 0.015)
(0.023 0.005 0.015)
(0.027 0.005 0.015)
(0.031 0.005 0.015)
(0.035 0.005 0.015)
(0.039 0.005 0.015)
(0.043 0.005 0.015)
(0.047 0.005 0.015)
(0.051 0.005 0.015)
(-0.009 0.01 0.015)
(-0.005 0.01 0.015)
(-0.001 0.01 0.015)
(0.003 0.01 0.015)
(0.007 0.01 0.015)
(0.011 0.01 0.015)
(0.015 0.01 0.015)
(0.019 0.01 0.015)
(0.023 0.01 0.015)
(0.027 0.01 0.015)
(0.031 0.01 0.015)
(0.035 0.01 0.015)
(0.039 0.01 0.015)
(0.043 0.01 0.015)
(0.047 0.01 0.015)
(0.051 0.01 0.015)
(-0.009 0.015 0.015)
(-0.005 0.015 0.015)
(-0.001 0.015 0.015)
(0.003 0.015 0.015)
(0.007 0.015 0.015)
(0.011 0.015 0.015)
(0.015 0.015 0.015)
(0.019 0.015 0.015)
(0.023 0.015 0.015)
(0.027 0.015 0.015)
(0.031 0.015 0.015)
(0.035 0.015 0.015)
(0.039 0.015 0.015)
(0.043 0.015 0.015)
(0.047 0.015 0.015)
(0.051 0.015 0.015)
(-0.009 0.02 0.015)
(-0.005 0.02 0.015)
(-0.001 0.02 0.015)
(0.003 0.02 0.015)
(0.007 0.02 0.015)
(0.011 0.02 0.015)
(0.015 0.02 0.015)
(0.019 0.02 0.015)
(0.023 0.02 0.015)
(0.027 0.02 0.015)
(0.031 0.02 0.015)
(0.035 0.02 0.015)
(0.039 0.02 0.015)
(0.043 0.02 0.015)
(0.047 0.02 0.015)
(0.051 0.02 0.015)
(-0.009 0.025 0.015)
(-0.005 0.025 0.015)
(-0.001 0.025 0.015)
(0.003 0.025 0.015)
(0.007 0.025 0.015)
(0.011 0.025 0.015)
(0.015 0.025 0.015)
(0.019 0.025 0.015)
(0.023 0.025 0.015)
(0.027 0.025 0.015)
(0.031 0.025 0.015)
(0.035 0.025 0.015)
(0.039 0.025 0.015)
(0.043 0.025 0.015)
(0.047 0.025 0.015)
(0.051 0.025 0.015)
(-0.009 0.03 0.015)
(-0.005 0.03 0.015)
(-0.001 0.03 0.015)
(0.003 0.03 0.015)
(0.007 0.03 0.015)
(0.011 0.03 0.015)
(0.015 0.03 0.015)
(0.019 0.03 0.015)
(0.023 0.03 0.015)
(0.027 0.03 0.015)
(0.031 0.03 0.015)
(0.035 0.03 0.015)
(0.039 0.03 0.015)
(0.043 0.03 0.015)
(0.047 0.03 0.015)
(0.051 0.03 0.015)
(-0.009 0.035 0.015)
(-0.005 0.035 0.015)
(-0.001 0.035 0.015)
(0.003 0.035 0.015)
(0.007 0.035 0.015)
(0.011 0.035 0.015)
(0.015 0.035 0.015)
(0.019 0.035 0.015)
(0.023 0.035 0.015)
(0.027 0.035 0.015)
(0.031 0.035 0.015)
(0.035 0.035 0.015)
(0.039 0.035 0.015)
(0.043 0.035 0.015)
(0.047 0.035 0.015)
(0.051 0.035 0.015)
(-0.009 0.04 0.015)
(-0.005 0.04 0.015)
(-0.001 0.04 0.015)
(0.003 0.04 0.015)
(0.007 0.04 0.015)
(0.011 0.04 0.015)
(0.015 0.04 0.015)
(0.019 0.04 0.015)
(0.023 0.04 0.015)
(0.027 0.04 0.015)
(0.031 0.04 0.015)
(0.035 0.04 0.015)
(0.039 0.04 0.015)
(0.043 0.04 0.015)
(0.047 0.04 0.015)
(0.051 0.04 0.015)
(-0.009 0.045 0.015)
(-0.005 0.045 0.015)
(-0.001 0.045 0.015)
(0.003 0.045 0.015)
(0.007 0.045 0.015)
(0.011 0.045 0.015)
(0.015 0.045 0.015)
(0.019 0.045 0.015)
(0.023 0.045 0.015)
(0.027 0.045 0.015)
(0.031 0.045 0.015)
(0.035 0.045 0.015)
(0.039 0.045 0.015)
(0.043 0.045 0.015)
(0.047 0.045 0.015)
(0.051 0.045 0.015)
(-0.009 0.05 0.015)
(-0.005 0.05 0.015)
(-0.001 0.05 0.015)
(0.003 0.05 0.015)
(0.007 0.05 0.015)
(0.011 0.05 0.015)
(0.015 0.05 0.015)
(0.019 0.05 0.015)
(0.023 0.05 0.015)
(0.027 0.05 0.015)
(0.031 0.05 0.015)
(0.035 0.05 0.015)
(0.039 0.05 0.015)
(0.043 0.05 0.015)
(0.047 0.05 0.015)
(0.051 0.05 0.015)
(-0.009 0.055 0.015)
(-0.005 0.055 0.015)
(-0.001 0.055 0.015)
(0.003 0.055 0.015)
(0.007 0.055 0.015)
(0.011 0.055 0.015)
(0.015 0.055 0.015)
(0.019 0.055 0.015)
(0.023 0.055 0.015)
(0.027 0.055 0.015)
(0.031 0.055 0.015)
(0.035 0.055 0.015)
(0.039 0.055 0.015)
(0.043 0.055 0.015)
(0.047 0.055 0.015)
(0.051 0.055 0.015)
(-0.009 0.06 0.015)
(-0.005 0.06 0.015)
(-0.001 0.06 0.015)
(0.003 0.06 0.015)
(0.007 0.06 0.015)
(0.011 0.06 0.015)
(0.015 0.06 0.015)
(0.019 0.06 0.015)
(0.023 0.06 0.015)
(0.027 0.06 0.015)
(0.031 0.06 0.015)
(0.035 0.06 0.015)
(0.039 0.06 0.015)
(0.043 0.06 0.015)
(0.047 0.06 0.015)
(0.051 0.06 0.015)
(-0.009 0.065 0.015)
(-0.005 0.065 0.015)
(-0.001 0.065 0.015)
(0.003 0.065 0.015)
(0.007 0.065 0.015)
(0.011 0.065 0.015)
(0.015 0.065 0.015)
(0.019 0.065 0.015)
(0.023 0.065 0.015)
(0.027 0.065 0.015)
(0.031 0.065 0.015)
(0.035 0.065 0.015)
(0.039 0.065 0.015)
(0.043 0.065 0.015)
(0.047 0.065 0.015)
(0.051 0.065 0.015)
(-0.009 0.07 0.015)
(-0.005 0.07 0.015)
(-0.001 0.07 0.015)
(0.003 0.07 0.015)
(0.007 0.07 0.015)
(0.011 0.07 0.015)
(0.015 0.07 0.015)
(0.019 0.07 0.015)
(0.023 0.07 0.015)
(0.027 0.07 0.015)
(0.031 0.07 0.015)
(0.035 0.07 0.015)
(0.039 0.07 0.015)
(0.043 0.07 0.015)
(0.047 0.07 0.015)
(0.051 0.07 0.015)
(-0.009 0.075 0.015)
(-0.005 0.075 0.015)
(-0.001 0.075 0.015)
(0.003 0.075 0.015)
(0.007 0.075 0.015)
(0.011 0.075 0.015)
(0.015 0.075 0.015)
(0.019 0.075 0.015)
(0.023 0.075 0.015)
(0.027 0.075 0.015)
(0.031 0.075 0.015)
(0.035 0.075 0.015)
(0.039 0.075 0.015)
(0.043 0.075 0.015)
(0.047 0.075 0.015)
(0.051 0.075 0.015)
(-0.009 0.08 0.015)
(-0.005 0.08 0.015)
(-0.001 0.08 0.015)
(0.003 0.08 0.015)
(0.007 0.08 0.015)
(0.011 0.08 0.015)
(0.015 0.08 0.015)
(0.019 0.08 0.015)
(0.023 0.08 0.015)
(0.027 0.08 0.015)
(0.031 0.08 0.015)
(0.035 0.08 0.015)
(0.039 0.08 0.015)
(0.043 0.08 0.015)
(0.047 0.08 0.015)
(0.051 0.08 0.015)
(-0.009 -0.02 0.02)
(-0.005 -0.02 0.02)
(-0.001 -0.02 0.02)
(0.003 -0.02 0.02)
(0.007 -0.02 0.02)
(0.011 -0.02 0.02)
(0.015 -0.02 0.02)
(0.019 -0.02 0.02)
(0.023 -0.02 0.02)
(0.027 -0.02 0.02)
(0.031 -0.02 0.02)
(0.035 -0.02 0.02)
(0.039 -0.02 0.02)
(0.043 -0.02 0.02)
(0.047 -0.02 0.02)
(0.051 -0.02 0.02)
(-0.009 -0.015 0.02)
(-0.005 -0.015 0.02)
(-0.001 -0.015 0.02)
(0.003 -0.015 0.02)
(0.007 -0.015 0.02)
(0.011 -0.015 0.02)
(0.015 -0.015 0.02)
(0.019 -0.015 0.02)
(0.023 -0.015 0.02)
(0.027 -0.015 0.02)
(0.031 -0.015 0.02)
(0.035 -0.015 0.02)
(0.039 -0.015 0.02)
(0.043 -0.015 0.02)
(0.047 -0.015 0.02)
(0.051 -0.015 0.02)
(-0.009 -0.01 0.02)
(-0.005 -0.01 0.02)
(-0.001 -0.01 0.02)
(0.003 -0.01 0.02)
(0.007 -0.01 0.02)
(0.011 -0.01 0.02)
(0.015 -0.01 0.02)
(0.019 -0.01 0.02)
(0.023 -0.01 0.02)
(0.027 -0.01 0.02)
(0.031 -0.01 0.02)
(0.035 -0.01 0.02)
(0.039 -0.01 0.02)
(0.043 -0.01 0.02)
(0.047 -0.01 0.02)
(0.051 -0.01 0.02)
(-0.009 -0.005 0.02)
(-0.005 -0.005 0.02)
(-0.001 -0.005 0.02)
(0.003 -0.005 0.02)
(0.007 -0.005 0.02)
(0.011 -0.005 0.02)
(0.015 -0.005 0.02)
(0.019 -0.005 0.02)
(0.023 -0.005 0.02)
(0.027 -0.005 0.02)
(0.031 -0.005 0.02)
(0.035 -0.005 0.02)
(0.039 -0.005 0.02)
(0.043 -0.005 0.02)
(0.047 -0.005 0.02)
(0.051 -0.005 0.02)
(-0.009 0 0.02)
(-0.005 0 0.02)
(-0.001 0 0.02)
(0.003 0 0.02)
(0.007 0 0.02)
(0.011 0 0.02)
(0.015 5.921189465e-19 0.02)
(0.019 0 0.02)
(0.023 0 0.02)
(0.027 2.960594732e-19 0.02)
(0.031 0 0.02)
(0.035 5.921189465e-19 0.02)
(0.039 5.921189465e-19 0.02)
(0.043 0 0.02)
(0.047 0 0.02)
(0.051 0 0.02)
(-0.009 0.005 0.02)
(-0.005 0.005 0.02)
(-0.001 0.005 0.02)
(0.003 0.005 0.02)
(0.007 0.005 0.02)
(0.011 0.005 0.02)
(0.015 0.005 0.02)
(0.019 0.005 0.02)
(0.023 0.005 0.02)
(0.027 0.005 0.02)
(0.031 0.005 0.02)
(0.035 0.005 0.02)
(0.039 0.005 0.02)
(0.043 0.005 0.02)
(0.047 0.005 0.02)
(0.051 0.005 0.02)
(-0.009 0.01 0.02)
(-0.005 0.01 0.02)
(-0.001 0.01 0.02)
(0.003 0.01 0.02)
(0.007 0.01 0.02)
(0.011 0.01 0.02)
(0.015 0.01 0.02)
(0.019 0.01 0.02)
(0.023 0.01 0.02)
(0.027 0.01 0.02)
(0.031 0.01 0.02)
(0.035 0.01 0.02)
(0.039 0.01 0.02)
(0.043 0.01 0.02)
(0.047 0.01 0.02)
(0.051 0.01 0.02)
(-0.009 0.015 0.02)
(-0.005 0.015 0.02)
(-0.001 0.015 0.02)
(0.003 0.015 0.02)
(0.007 0.015 0.02)
(0.011 0.015 0.02)
(0.015 0.015 0.02)
(0.019 0.015 0.02)
(0.023 0.015 0.02)
(0.027 0.015 0.02)
(0.031 0.015 0.02)
(0.035 0.015 0.02)
(0.039 0.015 0.02)
(0.043 0.015 0.02)
(0.047 0.015 0.02)
(0.051 0.015 0.02)
(-0.009 0.02 0.02)
(-0.005 0.02 0.02)
(-0.001 0.02 0.02)
(0.003 0.02 0.02)
(0.007 0.02 0.02)
(0.011 0.02 0.02)
(0.015 0.02 0.02)
(0.019 0.02 0.02)
(0.023 0.02 0.02)
(0.027 0.02 0.02)
(0.031 0.02 0.02)
(0.035 0.02 0.02)
(0.039 0.02 0.02)
(0.043 0.02 0.02)
(0.047 0.02 0.02)
(0.051 0.02 0.02)
(-0.009 0.025 0.02)
(-0.005 0.025 0.02)
(-0.001 0.025 0.02)
(0.003 0.025 0.02)
(0.007 0.025 0.02)
(0.011 0.025 0.02)
(0.015 0.025 0.02)
(0.019 0.025 0.02)
(0.023 0.025 0.02)
(0.027 0.025 0.02)
(0.031 0.025 0.02)
(0.035 0.025 0.02)
(0.039 0.025 0.02)
(0.043 0.025 0.02)
(0.047 0.025 0.02)
(0.051 0.025 0.02)
(-0.009 0.03 0.02)
(-0.005 0.03 0.02)
(-0.001 0.03 0.02)
(0.003 0.03 0.02)
(0.007 0.03 0.02)
(0.011 0.03 0.02)
(0.015 0.03 0.02)
(0.019 0.03 0.02)
(0.023 0.03 0.02)
(0.027 0.03 0.02)
(0.031 0.03 0.02)
(0.035 0.03 0.02)
(0.039 0.03 0.02)
(0.043 0.03 0.02)
(0.047 0.03 0.02)
(0.051 0.03 0.02)
(-0.009 0.035 0.02)
(-0.005 0.035 0.02)
(-0.001 0.035 0.02)
(0.003 0.035 0.02)
(0.007 0.035 0.02)
(0.011 0.035 0.02)
(0.015 0.035 0.02)
(0.019 0.035 0.02)
(0.023 0.035 0.02)
(0.027 0.035 0.02)
(0.031 0.035 0.02)
(0.035 0.035 0.02)
(0.039 0.035 0.02)
(0.043 0.035 0.02)
(0.047 0.035 0.02)
(0.051 0.035 0.02)
(-0.009 0.04 0.02)
(-0.005 0.04 0.02)
(-0.001 0.04 0.02)
(0.003 0.04 0.02)
(0.007 0.04 0.02)
(0.011 0.04 0.02)
(0.015 0.04 0.02)
(0.019 0.04 0.02)
(0.023 0.04 0.02)
(0.027 0.04 0.02)
(0.031 0.04 0.02)
(0.035 0.04 0.02)
(0.039 0.04 0.02)
(0.043 0.04 0.02)
(0.047 0.04 0.02)
(0.051 0.04 0.02)
(-0.009 0.045 0.02)
(-0.005 0.045 0.02)
(-0.001 0.045 0.02)
(0.003 0.045 0.02)
(0.007 0.045 0.02)
(0.011 0.045 0.02)
(0.015 0.045 0.02)
(0.019 0.045 0.02)
(0.023 0.045 0.02)
(0.027 0.045 0.02)
(0.031 0.045 0.02)
(0.035 0.045 0.02)
(0.039 0.045 0.02)
(0.043 0.045 0.02)
(0.047 0.045 0.02)
(0.051 0.045 0.02)
(-0.009 0.05 0.02)
(-0.005 0.05 0.02)
(-0.001 0.05 0.02)
(0.003 0.05 0.02)
(0.007 0.05 0.02)
(0.011 0.05 0.02)
(0.015 0.05 0.02)
(0.019 0.05 0.02)
(0.023 0.05 0.02)
(0.027 0.05 0.02)
(0.031 0.05 0.02)
(0.035 0.05 0.02)
(0.039 0.05 0.02)
(0.043 0.05 0.02)
(0.047 0.05 0.02)
(0.051 0.05 0.02)
(-0.009 0.055 0.02)
(-0.005 0.055 0.02)
(-0.001 0.055 0.02)
(0.003 0.055 0.02)
(0.007 0.055 0.02)
(0.011 0.055 0.02)
(0.015 0.055 0.02)
(0.019 0.055 0.02)
(0.023 0.055 0.02)
(0.027 0.055 0.02)
(0.031 0.055 0.02)
(0.035 0.055 0.02)
(0.039 0.055 0.02)
(0.043 0.055 0.02)
(0.047 0.055 0.02)
(0.051 0.055 0.02)
(-0.009 0.06 0.02)
(-0.005 0.06 0.02)
(-0.001 0.06 0.02)
(0.003 0.06 0.02)
(0.007 0.06 0.02)
(0.011 0.06 0.02)
(0.015 0.06 0.02)
(0.019 0.06 0.02)
(0.023 0.06 0.02)
(0.027 0.06 0.02)
(0.031 0.06 0.02)
(0.035 0.06 0.02)
(0.039 0.06 0.02)
(0.043 0.06 0.02)
(0.047 0.06 0.02)
(0.051 0.06 0.02)
(-0.009 0.065 0.02)
(-0.005 0.065 0.02)
(-0.001 0.065 0.02)
(0.003 0.065 0.02)
(0.007 0.065 0.02)
(0.011 0.065 0.02)
(0.015 0.065 0.02)
(0.019 0.065 0.02)
(0.023 0.065 0.02)
(0.027 0.065 0.02)
(0.031 0.065 0.02)
(0.035 0.065 0.02)
(0.039 0.065 0.02)
(0.043 0.065 0.02)
(0.047 0.065 0.02)
(0.051 0.065 0.02)
(-0.009 0.07 0.02)
(-0.005 0.07 0.02)
(-0.001 0.07 0.02)
(0.003 0.07 0.02)
(0.007 0.07 0.02)
(0.011 0.07 0.02)
(0.015 0.07 0.02)
(0.019 0.07 0.02)
(0.023 0.07 0.02)
(0.027 0.07 0.02)
(0.031 0.07 0.02)
(0.035 0.07 0.02)
(0.039 0.07 0.02)
(0.043 0.07 0.02)
(0.047 0.07 0.02)
(0.051 0.07 0.02)
(-0.009 0.075 0.02)
(-0.005 0.075 0.02)
(-0.001 0.075 0.02)
(0.003 0.075 0.02)
(0.007 0.075 0.02)
(0.011 0.075 0.02)
(0.015 0.075 0.02)
(0.019 0.075 0.02)
(0.023 0.075 0.02)
(0.027 0.075 0.02)
(0.031 0.075 0.02)
(0.035 0.075 0.02)
(0.039 0.075 0.02)
(0.043 0.075 0.02)
(0.047 0.075 0.02)
(0.051 0.075 0.02)
(-0.009 0.08 0.02)
(-0.005 0.08 0.02)
(-0.001 0.08 0.02)
(0.003 0.08 0.02)
(0.007 0.08 0.02)
(0.011 0.08 0.02)
(0.015 0.08 0.02)
(0.019 0.08 0.02)
(0.023 0.08 0.02)
(0.027 0.08 0.02)
(0.031 0.08 0.02)
(0.035 0.08 0.02)
(0.039 0.08 0.02)
(0.043 0.08 0.02)
(0.047 0.08 0.02)
(0.051 0.08 0.02)
(-0.009 -0.02 0.025)
(-0.005 -0.02 0.025)
(-0.001 -0.02 0.025)
(0.003 -0.02 0.025)
(0.007 -0.02 0.025)
(0.011 -0.02 0.025)
(0.015 -0.02 0.025)
(0.019 -0.02 0.025)
(0.023 -0.02 0.025)
(0.027 -0.02 0.025)
(0.031 -0.02 0.025)
(0.035 -0.02 0.025)
(0.039 -0.02 0.025)
(0.043 -0.02 0.025)
(0.047 -0.02 0.025)
(0.051 -0.02 0.025)
(-0.009 -0.015 0.025)
(-0.005 -0.015 0.025)
(-0.001 -0.015 0.025)
(0.003 -0.015 0.025)
(0.007 -0.015 0.025)
(0.011 -0.015 0.025)
(0.015 -0.015 0.025)
(0.019 -0.015 0.025)
(0.023 -0.015 0.025)
(0.027 -0.015 0.025)
(0.031 -0.015 0.025)
(0.035 -0.015 0.025)
(0.039 -0.015 0.025)
(0.043 -0.015 0.025)
(0.047 -0.015 0.025)
(0.051 -0.015 0.025)
(-0.009 -0.01 0.025)
(-0.005 -0.01 0.025)
(-0.001 -0.01 0.025)
(0.003 -0.01 0.025)
(0.007 -0.01 0.025)
(0.011 -0.01 0.025)
(0.015 -0.01 0.025)
(0.019 -0.01 0.025)
(0.023 -0.01 0.025)
(0.027 -0.01 0.025)
(0.031 -0.01 0.025)
(0.035 -0.01 0.025)
(0.039 -0.01 0.025)
(0.043 -0.01 0.025)
(0.047 -0.01 0.025)
(0.051 -0.01 0.025)
(-0.009 -0.005 0.025)
(-0.005 -0.005 0.025)
(-0.001 -0.005 0.025)
(0.003 -0.005 0.025)
(0.007 -0.005 0.025)
(0.011 -0.005 0.025)
(0.015 -0.005 0.025)
(0.019 -0.005 0.025)
(0.023 -0.005 0.025)
(0.027 -0.005 0.025)
(0.031 -0.005 0.025)
(0.035 -0.005 0.025)
(0.039 -0.005 0.025)
(0.043 -0.005 0.025)
(0.047 -0.005 0.025)
(0.051 -0.005 0.025)
(-0.009 0 0.025)
(-0.005 0 0.025)
(-0.001 0 0.025)
(0.003 0 0.025)
(0.007 0 0.025)
(0.011 0 0.025)
(0.015 5.921189465e-19 0.025)
(0.019 0 0.025)
(0.023 0 0.025)
(0.027 2.960594732e-19 0.025)
(0.031 0 0.025)
(0.035 5.921189465e-19 0.025)
(0.039 5.921189465e-19 0.025)
(0.043 0 0.025)
(0.047 0 0.025)
(0.051 0 0.025)
(-0.009 0.005 0.025)
(-0.005 0.005 0.025)
(-0.001 0.005 0.025)
(0.003 0.005 0.025)
(0.007 0.005 0.025)
(0.011 0.005 0.025)
(0.015 0.005 0.025)
(0.019 0.005 0.025)
(0.023 0.005 0.025)
(0.027 0.005 0.025)
(0.031 0.005 0.025)
(0.035 0.005 0.025)
(0.039 0.005 0.025)
(0.043 0.005 0.025)
(0.047 0.005 0.025)
(0.051 0.005 0.025)
(-0.009 0.01 0.025)
(-0.005 0.01 0.025)
(-0.001 0.01 0.025)
(0.003 0.01 0.025)
(0.007 0.01 0.025)
(0.011 0.01 0.025)
(0.015 0.01 0.025)
(0.019 0.01 0.025)
(0.023 0.01 0.025)
(0.027 0.01 0.025)
(0.031 0.01 0.025)
(0.035 0.01 0.025)
(0.039 0.01 0.025)
(0.043 0.01 0.025)
(0.047 0.01 0.025)
(0.051 0.01 0.025)
(-0.009 0.015 0.025)
(-0.005 0.015 0.025)
(-0.001 0.015 0.025)
(0.003 0.015 0.025)
(0.007 0.015 0.025)
(0.011 0.015 0.025)
(0.015 0.015 0.025)
(0.019 0.015 0.025)
(0.023 0.015 0.025)
(0.027 0.015 0.025)
(0.031 0.015 0.025)
(0.035 0.015 0.025)
(0.039 0.015 0.025)
(0.043 0.015 0.025)
(0.047 0.015 0.025)
(0.051 0.015 0.025)
(-0.009 0.02 0.025)
(-0.005 0.02 0.025)
(-0.001 0.02 0.025)
(0.003 0.02 0.025)
(0.007 0.02 0.025)
(0.011 0.02 0.025)
(0.015 0.02 0.025)
(0.019 0.02 0.025)
(0.023 0.02 0.025)
(0.027 0.02 0.025)
(0.031 0.02 0.025)
(0.035 0.02 0.025)
(0.039 0.02 0.025)
(0.043 0.02 0.025)
(0.047 0.02 0.025)
(0.051 0.02 0.025)
(-0.009 0.025 0.025)
(-0.005 0.025 0.025)
(-0.001 0.025 0.025)
(0.003 0.025 0.025)
(0.007 0.025 0.025)
(0.011 0.025 0.025)
(0.015 0.025 0.025)
(0.019 0.025 0.025)
(0.023 0.025 0.025)
(0.027 0.025 0.025)
(0.031 0.025 0.025)
(0.035 0.025 0.025)
(0.039 0.025 0.025)
(0.043 0.025 0.025)
(0.047 0.025 0.025)
(0.051 0.025 0.025)
(-0.009 0.03 0.025)
(-0.005 0.03 0.025)
(-0.001 0.03 0.025)
(0.003 0.03 0.025)
(0.007 0.03 0.025)
(0.011 0.03 0.025)
(0.015 0.03 0.025)
(0.019 0.03 0.025)
(0.023 0.03 0.025)
(0.027 0.03 0.025)
(0.031 0.03 0.025)
(0.035 0.03 0.025)
(0.039 0.03 0.025)
(0.043 0.03 0.025)
(0.047 0.03 0.025)
(0.051 0.03 0.025)
(-0.009 0.035 0.025)
(-0.005 0.035 0.025)
(-0.001 0.035 0.025)
(0.003 0.035 0.025)
(0.007 0.035 0.025)
(0.011 0.035 0.025)
(0.015 0.035 0.025)
(0.019 0.035 0.025)
(0.023 0.035 0.025)
(0.027 0.035 0.025)
(0.031 0.035 0.025)
(0.035 0.035 0.025)
(0.039 0.035 0.025)
(0.043 0.035 0.025)
(0.047 0.035 0.025)
(0.051 0.035 0.025)
(-0.009 0.04 0.025)
(-0.005 0.04 0.025)
(-0.001 0.04 0.025)
(0.003 0.04 0.025)
(0.007 0.04 0.025)
(0.011 0.04 0.025)
(0.015 0.04 0.025)
(0.019 0.04 0.025)
(0.023 0.04 0.025)
(0.027 0.04 0.025)
(0.031 0.04 0.025)
(0.035 0.04 0.025)
(0.039 0.04 0.025)
(0.043 0.04 0.025)
(0.047 0.04 0.025)
(0.051 0.04 0.025)
(-0.009 0.045 0.025)
(-0.005 0.045 0.025)
(-0.001 0.045 0.025)
(0.003 0.045 0.025)
(0.007 0.045 0.025)
(0.011 0.045 0.025)
(0.015 0.045 0.025)
(0.019 0.045 0.025)
(0.023 0.045 0.025)
(0.027 0.045 0.025)
(0.031 0.045 0.025)
(0.035 0.045 0.025)
(0.039 0.045 0.025)
(0.043 0.045 0.025)
(0.047 0.045 0.025)
(0.051 0.045 0.025)
(-0.009 0.05 0.025)
(-0.005 0.05 0.025)
(-0.001 0.05 0.025)
(0.003 0.05 0.025)
(0.007 0.05 0.025)
(0.011 0.05 0.025)
(0.015 0.05 0.025)
(0.019 0.05 0.025)
(0.023 0.05 0.025)
(0.027 0.05 0.025)
(0.031 0.05 0.025)
(0.035 0.05 0.025)
(0.039 0.05 0.025)
(0.043 0.05 0.025)
(0.047 0.05 0.025)
(0.051 0.05 0.025)
(-0.009 0.055 0.025)
(-0.005 0.055 0.025)
(-0.001 0.055 0.025)
(0.003 0.055 0.025)
(0.007 0.055 0.025)
(0.011 0.055 0.025)
(0.015 0.055 0.025)
(0.019 0.055 0.025)
(0.023 0.055 0.025)
(0.027 0.055 0.025)
(0.031 0.055 0.025)
(0.035 0.055 0.025)
(0.039 0.055 0.025)
(0.043 0.055 0.025)
(0.047 0.055 0.025)
(0.051 0.055 0.025)
(-0.009 0.06 0.025)
(-0.005 0.06 0.025)
(-0.001 0.06 0.025)
(0.003 0.06 0.025)
(0.007 0.06 0.025)
(0.011 0.06 0.025)
(0.015 0.06 0.025)
(0.019 0.06 0.025)
(0.023 0.06 0.025)
(0.027 0.06 0.025)
(0.031 0.06 0.025)
(0.035 0.06 0.025)
(0.039 0.06 0.025)
(0.043 0.06 0.025)
(0.047 0.06 0.025)
(0.051 0.06 0.025)
(-0.009 0.065 0.025)
(-0.005 0.065 0.025)
(-0.001 0.065 0.025)
(0.003 0.065 0.025)
(0.007 0.065 0.025)
(0.011 0.065 0.025)
(0.015 0.065 0.025)
(0.019 0.065 0.025)
(0.023 0.065 0.025)
(0.027 0.065 0.025)
(0.031 0.065 0.025)
(0.035 0.065 0.025)
(0.039 0.065 0.025)
(0.043 0.065 0.025)
(0.047 0.065 0.025)
(0.051 0.065 0.025)
(-0.009 0.07 0.025)
(-0.005 0.07 0.025)
(-0.001 0.07 0.025)
(0.003 0.07 0.025)
(0.007 0.07 0.025)
(0.011 0.07 0.025)
(0.015 0.07 0.025)
(0.019 0.07 0.025)
(0.023 0.07 0.025)
(0.027 0.07 0.025)
(0.031 0.07 0.025)
(0.035 0.07 0.025)
(0.039 0.07 0.025)
(0.043 0.07 0.025)
(0.047 0.07 0.025)
(0.051 0.07 0.025)
(-0.009 0.075 0.025)
(-0.005 0.075 0.025)
(-0.001 0.075 0.025)
(0.003 0.075 0.025)
(0.007 0.075 0.025)
(0.011 0.075 0.025)
(0.015 0.075 0.025)
(0.019 0.075 0.025)
(0.023 0.075 0.025)
(0.027 0.075 0.025)
(0.031 0.075 0.025)
(0.035 0.075 0.025)
(0.039 0.075 0.025)
(0.043 0.075 0.025)
(0.047 0.075 0.025)
(0.051 0.075 0.025)
(-0.009 0.08 0.025)
(-0.005 0.08 0.025)
(-0.001 0.08 0.025)
(0.003 0.08 0.025)
(0.007 0.08 0.025)
(0.011 0.08 0.025)
(0.015 0.08 0.025)
(0.019 0.08 0.025)
(0.023 0.08 0.025)
(0.027 0.08 0.025)
(0.031 0.08 0.025)
(0.035 0.08 0.025)
(0.039 0.08 0.025)
(0.043 0.08 0.025)
(0.047 0.08 0.025)
(0.051 0.08 0.025)
)


// ************************************************************************* //
